TEAM_ABBREVIATION,MIN,PTS,REB,AST,PLUS_MINUS
ATL,17980,10.442784058238118,4.208713165592813,2.542078910004993,2.152536226461586
BKN,17387,10.001925495327264,4.0891927284604295,2.4254084189655476,-3.909783595661577
BOS,18188,11.03879278765562,4.684845478645793,2.577255350441613,1.8598573062745398
CHA,18551,10.812416439876818,4.772631721356434,2.175753781186803,2.1361807495358964
CHI,19484,9.442088269642051,4.449035152143034,2.271099717217745,-0.9032606840208942
CLE,18509,11.249475671204465,4.5415466243430656,2.4239009695640514,2.7920450772584413
DAL,16481,11.533532028369713,4.561018066334071,2.7378683846619563,-0.03699170760160837
DEN,18782,10.164300847388217,4.364363271409088,2.3296645139986354,-1.5739948313160226
DET,18734,11.147598566736953,4.913276403662105,2.226693390910624,0.6445710416579478
GSW,16762,12.2066131079725,4.915004917538331,3.1694268829879553,7.205349422113481
HOU,18585,10.766559825824954,4.33405816124516,2.2007110730264388,-0.46008371287936556
IND,17354,10.852466402147908,4.635131808348413,2.440931790757568,0.9667451173049711
LAC,17445,11.337575657504546,4.178982110563711,2.3763450849573613,2.5515235630518345
LAL,18449,9.360905637747782,3.8768006906201027,1.774685902560396,-4.542739349968647
MEM,18878,9.129782410309485,3.8515851110387884,2.1433403659630184,-1.959876796039658
MIA,18151,11.058388036906317,4.387809806975317,2.5287537427158244,1.7130668847717405
MIL,16066,11.867726608456906,4.64273069324323,3.176258035495886,-2.255936459339159
MIN,17928,10.658207940895148,4.027249687455079,2.4511136845368764,-1.8683523851837929
NOP,18295,11.50373864932358,4.292535849021944,2.9102205306798696,-1.962462341594892
NYK,17234,10.834141038645138,4.512265408175267,2.189419759535001,-1.2830279979819743
OKC,16371,12.135470656425543,5.214222501244262,2.651584510069286,4.427499243970629
ORL,17503,10.074951876089449,4.280851099974645,2.4890377043538146,-1.0633407551340215
PHI,17408,10.849688540809971,4.399578503216009,2.371219788569383,-5.8904069171891305
PHX,18383,10.755310884485604,4.808058115519209,2.1335714786128395,-3.2259536861016582
POR,19065,10.90661554504504,4.66478940399149,2.1630286163787096,0.6721089160726972
SAC,17993,11.49352121997437,4.753743480557012,2.624482008817047,-1.7164985072913461
SAS,17309,9.916930181200746,4.130128256757242,2.3735039510448868,4.880637534290736
TOR,18485,10.688064696482085,4.696150289807005,1.836212561189282,2.42872559917957
UTA,18142,10.76594018614834,4.478410095549131,2.1992534293875092,1.099650159921415
WAS,18043,11.138552828222453,4.263993448778251,2.4237961663726533,-0.11206587841349284
