TEAM_ABBREVIATION,MIN,PTS,REB,AST,PLUS_MINUS
ATL,18207,10.408092345202158,4.379281254868286,2.3132562071769334,-0.41570526258832957
BKN,18522,9.612149320593936,3.6789909752793606,2.0656066143660676,-3.1396883424728954
BOS,18337,11.514981421046377,4.3983414684313695,2.7053546562087734,1.6178062056994829
CHA,18721,10.86502487989634,4.59802986938841,2.3634954731523,0.1070237311120255
CHI,19306,9.429444837114998,4.207551042048972,2.04268323887191,0.04018462599153459
CLE,17847,11.117659924397248,4.859939297248849,2.2315809373115196,1.74688563162292
DAL,16967,9.842119881389907,4.0572054959443795,2.4273546188365316,-0.5900979678426481
DEN,18454,11.857185065328915,4.984123020726643,2.6967517746140253,0.06710474683881806
DET,18397,10.537926995342996,4.6147275961401295,2.196619698882997,-0.7774238597189174
GSW,15929,12.372988909108477,4.675600971845864,3.4466044709497736,6.82178867326075
HOU,19113,12.183797923189145,4.647019968331213,2.462209988209897,2.9083224523062285
IND,16156,11.569143048769783,4.377669714763578,2.768786732757057,0.9771468518304857
LAC,17751,12.57402494859623,4.691574283136918,2.8641309289105727,3.270288537933332
LAL,18099,10.283541899912722,4.102131827199547,1.9441916344281387,-2.7208234446746977
MEM,18715,9.220334754597403,3.69554581892324,1.9723649251439714,0.14620902393178836
MIA,18150,11.095693298036844,4.366602067024539,2.5079214275264907,0.2314339470400658
MIL,18250,10.491394858477591,3.9891422859187498,2.513473030065826,-0.5306018152835806
MIN,18246,11.622697084614055,4.398906231288172,2.4843373917208895,-1.2832007770814207
NOP,18411,9.800916647251139,3.7746142083191474,2.149477917097698,-1.4429087075923699
NYK,17709,10.475055094092834,4.7226811629847605,2.287167479372502,-2.161867166298899
OKC,18430,9.236988378492827,4.13419639568982,1.7125883983992047,0.5667934144955039
ORL,18191,11.050594441864547,4.370253837594016,2.253538769656017,-3.0292779092990596
PHI,19416,10.273722012828156,4.313538590585963,2.0592070826811617,-3.3617304187768076
PHX,18056,10.659493607409512,4.787685294812707,1.916253505262041,-2.6659321241801925
POR,18766,11.714749618947058,5.3717018609435625,2.326841175764482,-0.05172845564978723
SAC,19684,10.138293166744454,4.002206857319097,2.2456758015041522,-1.6867335901285032
SAS,17088,10.814401587795862,4.4188331781018295,2.4051284154657,3.8000849245427255
TOR,18715,10.733013964652322,4.391844922504138,1.8381353491941417,2.4189497524803807
UTA,18934,10.246910936575434,4.167446201809356,2.053893991616135,1.8887228066141803
WAS,16772,11.92103843054069,4.599737494220685,2.672099177301509,1.302949656585771
