TEAM_ABBREVIATION,MIN,PTS,REB,AST,PLUS_MINUS
ATL,18714,9.24577330239732,3.7913145973032654,2.073647177444327,-2.7241781390028286
BKN,18049,11.404000783675265,4.37424249716455,2.530153329027435,-1.848120659773745
BOS,17067,11.957884039265318,4.856918179909047,2.5757885911653036,2.1332114446098465
CHA,17356,10.90115200222795,4.683343504353525,2.255423248560116,0.3695041782686825
CHI,19231,10.32719664026554,4.27988185006881,2.1662252720988744,-3.5684200274021634
CLE,18077,10.415006416869106,3.746093410549499,2.2796840897889927,0.27091112089656205
DAL,18224,9.830795817952156,3.8757149480508426,2.0616349480319793,-1.887652887511367
DEN,18221,11.891044193330169,4.644019966677838,2.7774622877659247,0.8509726912078528
DET,17186,11.26876396724319,4.214767171999215,2.5899826059446562,-0.7940720605704145
GSW,14603,12.898393211228031,3.83925772888915,3.4525863400749945,3.1375570813337594
HOU,17931,11.522795011885178,4.399729779035533,2.1814586273095045,3.4655152466160692
IND,17614,12.050015605714604,4.947585854395173,2.6021811838591424,1.101604344925364
LAC,18172,11.567840187222588,4.196810904997998,2.4730579817866065,0.03540789208360969
LAL,17413,11.759519171466593,4.5603723140596575,2.841721835142331,0.37847074460282565
MEM,18769,9.438277207504733,3.2908140326129947,2.4194833820300365,-3.5053062539617357
MIA,19191,10.700293181250485,4.389705989980239,2.337739938395358,-0.07938340661879052
MIL,18071,10.006400656719958,3.935404014889126,2.2165219831698444,-0.546594519407151
MIN,18930,12.841393451066219,4.847865204265077,2.757708641542634,1.769188580973183
NOP,18160,12.309680566422362,5.120183677996202,3.1211373084481253,1.1084205035369494
NYK,18299,10.50994626539061,4.114829031569658,2.3261625960628907,-1.9318684468349063
OKC,17773,11.634095311886288,4.837592584892294,2.281811073858018,2.0855866390727433
ORL,17716,10.009931064969093,3.9116368220921367,2.3383903117040887,-2.626061681699343
PHI,18999,10.740094605583055,4.590040048856928,2.5743575476324465,2.4115153563339247
PHX,18447,10.664833001234788,4.279014959593601,2.5261011289480986,-6.117592743123475
POR,18603,11.047517545289033,4.5801100684637595,2.050024460162933,1.5084650123823962
SAC,19139,9.034765607668017,3.9602786391276332,1.9679893886678452,-3.0996134729680844
SAS,17279,10.809455957791528,4.365241390702355,2.3391318889346664,1.5083527633370089
TOR,19067,10.623201183725302,4.1179588921772785,2.319931188227867,3.6565179970253623
UTA,18345,10.884703234285498,4.32366567264673,2.1588071659702615,2.0014718893592227
WAS,16143,13.060101080904372,4.824817406038171,3.267511576980748,1.1422764535138217
