TEAM_ABBREVIATION,MIN,PTS,REB,AST,PLUS_MINUS
ATL,14957,13.231907117258686,4.819942774512145,2.6103779762266557,1.8319354651299358
BKN,16637,12.356886973432978,4.762255691787533,3.026880385941957,3.539562845772988
BOS,15265,11.421598215484538,4.293885012600428,2.489424833296052,0.8219762010906572
CHA,17132,11.188735879000221,4.3861539496342,2.8576090549438296,-1.0894074560631675
CHI,16016,12.076856062511137,5.2177910095352935,2.7217874876487915,-0.7542185985048857
CLE,16069,10.252911513116159,4.7931768901398035,2.6098336809415477,-3.749280331820164
DAL,14690,12.297646461202335,4.890504926386083,2.4610952847159067,1.368586154982672
DEN,15751,11.715233881954394,4.248112045723896,2.7878098858830045,3.4514451168874416
DET,16763,10.145546510118042,3.8138181983442894,2.705824452679712,-2.219989088613527
GSW,16036,10.410183977135985,4.402769287841006,2.6456452386433065,0.08721709757037101
HOU,16508,11.896364925395668,4.30564613911891,2.8111706041729807,-4.564738625746143
IND,16103,13.75477030768698,4.644227136876579,2.9747527931261177,0.09792582518413741
LAC,16320,11.20422815694486,4.195722173368156,2.512566738929538,3.2159877416471416
LAL,16791,11.552212175638916,4.733732361552819,2.5483152940311107,1.41182591845225
MEM,16388,11.305885206888822,4.699438265827455,2.500088877094006,-0.034342085872563946
MIA,14425,12.78760081380721,4.595117169114261,3.2545579947614827,0.13692253052718167
MIL,15715,12.112874856782089,4.871340140185778,2.6622731368647576,3.8849106969635616
MIN,15981,11.76298093269554,4.212148412066159,2.6942115077303264,-2.656023035351768
NOP,16571,10.862297541553822,4.3893342157593,2.4906719781279207,-0.37709399119380727
NYK,15820,11.613646315223724,4.977052196053299,2.3799896980746187,1.382863599700711
OKC,17076,10.126691963434412,4.300661059948455,2.141651593594747,-4.83083677794327
ORL,16697,10.329599380997,4.542216841331295,2.425413817407656,-4.502431092038931
PHI,16290,10.874965968293555,4.024656031998751,2.3379982587050314,2.2964569271117337
PHX,15294,12.039668345231465,4.650823792528042,2.79238085718384,3.183362721270963
POR,15911,13.437895514727598,4.6447387694130535,2.434916934754692,1.4426110990988195
SAC,15795,11.52175631609436,4.436292397849933,2.582402440916437,-2.251257817451273
SAS,15599,11.957878372618454,4.390626190765101,2.5680083664167004,-0.7464086634090812
TOR,15116,12.296986963995277,4.791756537865161,2.6204842944314453,-0.12328828783191856
UTA,15791,13.754203143363945,5.311611107990167,2.8424303557204555,6.146886429547694
WAS,15915,11.20385504973632,4.432581378353434,2.2866318867182565,-1.0125852448361994
