TEAM_ABBREVIATION,MIN,PTS,REB,AST,PLUS_MINUS
ATL,18757,10.54499072440325,4.3945444792623185,2.4324932609842187,0.23044092957406812
BKN,18707,9.969618706806173,3.631721500696199,1.9636609671154255,-0.41073655577327794
BOS,18812,10.022893338345519,4.0885092584092755,2.651490711897183,-2.2789337754333214
CHA,18043,10.1669369074387,3.8405436650456615,2.2659479577500705,-0.1800768519556711
CHI,18879,12.723026935613758,5.187902331453787,3.0693911048904745,0.974723407509555
CLE,17832,10.528075665780095,4.580360119375395,2.2339194736421955,-1.9194739483655008
DAL,18489,10.895293124593104,4.253810262654917,2.447323574995177,1.4305626924079515
DEN,18930,10.0383584251969,4.11210905322239,2.3343661111882303,-0.9749195281743255
DET,17999,11.380831947720795,4.832832606238829,2.5727429991015134,-2.1623809403207677
GSW,17959,11.368797734910569,4.931566932499175,2.7658729029899427,3.1726923170251333
HOU,19285,10.354574586938854,4.503465600557596,1.9432274275126624,1.9129197653026222
IND,18063,10.47791247255074,5.189500921557801,2.0949154809957853,2.0622833227001487
LAC,17582,12.863381445065457,4.467318523416726,2.9596732863319426,4.234381921565541
LAL,19484,10.500616229228108,4.1182917871255995,3.088410419223129,-3.446868363720518
MEM,18892,9.298595912902979,3.8830346757695464,2.169190646648199,0.40480358834520325
MIA,18420,10.503930782700973,3.6416133208182226,2.421332173225419,2.6106042087875805
MIL,19400,9.775278898490232,4.273146662434636,2.1522416277037357,-4.3923422461250645
MIN,16349,12.295455099548144,5.003697896013245,2.641818571654502,2.070209378090162
NOP,18841,10.475587997162085,4.221402258249042,2.187000864163376,-1.043965995043463
NYK,18155,10.547806168963305,4.415673526389558,2.318947690391972,-0.45938211040239385
OKC,17196,11.93397291477334,4.50654124297156,2.5621693470992115,3.4796797800755335
ORL,18045,11.0739058371525,4.89506868626456,2.3086243198135987,-2.9985086847540128
PHI,17692,10.583704081457704,4.601425570065699,2.360207388852382,-5.598206337674358
PHX,17500,12.594929872720007,4.714661146486799,2.306534589548035,2.1366145840179858
POR,15617,15.690976501421888,6.029819055534856,3.4842254768023593,3.7184835949417074
SAC,17639,10.012309541896489,4.426276077103901,2.15351655911216,-1.5544630340003665
SAS,16084,10.68451566128703,4.87938589489398,2.4944798619114854,4.77654283251305
TOR,17862,12.107597352482788,4.866147812569464,2.380698448155022,1.914858806837001
UTA,16684,11.740810467688286,4.996694663296944,2.3984778518132384,-4.183097806769186
WAS,17074,12.187637033138177,4.958960057011769,2.5366991014702034,1.2658144367164847
