TEAM_ABBREVIATION,MIN,PTS,REB,AST,PLUS_MINUS
ATL,18353,10.17826975407384,3.9632224364254025,2.6263506633890916,2.8720126014169636
BKN,18496,9.99298581946318,4.362554963226629,2.0720634903625648,-1.131042687895194
BOS,18359,10.610097686983377,4.383764959987063,3.03985065291129,0.3879966384972093
CHA,18135,10.340127430813768,4.433522798637544,2.3780036128228965,-1.2195577468658643
CHI,18869,11.683163821529671,5.196407630336905,2.5956205311125915,1.9576400664022955
CLE,17393,12.010897154144361,4.983112690785856,2.514750139165598,3.390863865252406
DAL,17914,10.501945425215352,4.193524333805608,2.42306444893163,1.6714534741074596
DEN,17272,10.632920492590186,4.707744378812889,2.235772704028459,-1.2699098361425047
DET,18260,11.041953289208367,4.681718639977879,2.811923810479973,-0.8543389234718054
GSW,17099,11.726123684997463,4.9437848237588895,3.040997397510039,6.210647796733334
HOU,17841,11.015174339350862,4.934505061200205,2.368696810789326,2.058683255155582
IND,19758,9.311265484074573,3.962862358917443,2.1153078968560775,0.3601126731936201
LAC,16481,13.457535558307564,5.094238979098971,3.1045216271911853,4.788097493219647
LAL,19829,10.364846472440032,4.139926673101317,2.355270691110422,-4.606471419301026
MEM,17686,10.135823742542923,4.215741107703701,2.1112085837213743,1.5051680724446896
MIA,19359,9.124610155237484,3.703646487194008,1.9051958990391773,-1.250233065061791
MIL,18236,10.350639069478877,4.388340223401267,2.377746070703828,-0.2739845100773782
MIN,19229,10.082278802271368,4.239094099793252,2.3965677742377616,-3.7322014912499877
NOP,16487,12.10541512663762,4.687058537617501,2.9163461729662083,0.6672075717207442
NYK,19184,9.458628043089924,3.960864672394378,2.1674840181342567,-4.470475987572285
OKC,18307,10.785118988919498,4.844321842385974,2.111818020356548,1.1210912148539056
ORL,16057,11.049782193161468,4.5868390331861875,2.3218021870458827,-3.1575264710145445
PHI,18949,9.063686563638544,3.7324418072128984,2.5866276086240885,-3.9160647002400517
PHX,18515,11.031293617252288,4.311866844474804,2.271423996060204,-0.35547533471858905
POR,16990,11.55354158004699,4.799732428767973,2.31491028406816,2.450567982676573
SAC,19315,10.040494547691507,4.330139586847021,2.2993858884759177,-1.7916049976961295
SAS,17886,10.305414452802381,4.146402537623619,2.4585219614029095,3.526609448971754
TOR,18230,12.206766356949284,4.482192493177136,2.484119253141385,1.769275235036301
UTA,18834,10.151397034415462,4.431211755048442,2.0075901689216957,0.10362138601003103
WAS,17948,9.908663369204957,4.47170044272992,2.3167348823771277,0.8721697887836372
