TEAM_ABBREVIATION,MIN,PTS,REB,AST,PLUS_MINUS
ATL,17790,11.610974569707041,4.6114747270853265,2.5468020799142916,-2.938848013582795
BKN,19549,10.749396597108598,4.321669587021953,2.281271642430521,0.05500406286500435
BOS,17344,13.197069370851164,4.709884572211825,3.046149138400022,5.013453763921065
CHA,17503,10.816169764042066,4.008786607148474,2.232229904773609,-0.08479893738432119
CHI,18214,11.619517191074031,4.626647898900339,2.286272318203741,-4.265781879761374
CLE,18140,9.605551200350362,4.022246359634698,2.0616723751124786,-4.231360867328165
DAL,18565,11.199855666342426,4.160923684402147,2.4065841007956355,-0.6396085112530113
DEN,19421,11.079413854029406,4.427756212559604,2.6683941241828237,1.7141290029458445
DET,17084,11.429013289080611,4.375752858013023,2.2630562277460027,0.4913566672056366
GSW,16171,12.612298975599895,4.889087924569008,3.2897884095067953,4.233208398916508
HOU,17999,12.458281444146715,4.58990046665292,2.154334957357409,1.8411128463194248
IND,17844,12.297655204372289,4.628879779938365,2.971309757504898,1.6229930575347402
LAC,17129,10.848741830033378,4.5228873526878015,2.1511531497618543,0.41433437246470717
LAL,18473,10.55390524137157,4.854100375543777,2.607019827326636,-0.36493969428334017
MEM,16768,11.361855496249973,4.510850841441942,2.4238021737418136,-0.5686202036259327
MIA,19446,10.972468836361,4.420781844926495,2.568175109354676,-0.31299704723799765
MIL,18800,10.813962107378362,4.576250551439519,2.465940165454989,4.104905688841559
MIN,18131,11.968829177888692,4.353888356061143,2.745393577827099,-0.6890756245539255
NOP,18017,12.236492595566265,5.026772125516216,2.791254395468958,-0.601774804260599
NYK,18932,10.263993691224853,4.176248152106104,2.294693366539637,-4.390776128582168
OKC,15977,14.088481310260345,5.5954418192623905,2.98818808527079,2.9685069743115085
ORL,18122,10.546269364737698,4.588437217468324,2.7346290232940977,0.2568168123335914
PHI,17066,11.721331188418965,4.851055879415298,2.4720029327004163,1.3169117653730438
PHX,18609,10.77347853082421,4.045769591158483,2.611076604781577,-5.126562817806934
POR,18418,11.423462398432237,4.711800377321772,2.1745711209186567,2.286930681429052
SAC,17207,11.774460248636217,4.518739956498813,2.429362915897274,-0.45389985764264673
SAS,17876,12.4226899581178,4.680242393650216,2.7159295742125398,1.456763894489935
TOR,17807,12.117228459081138,4.8253940948449525,2.8576295699459724,3.633647400863581
UTA,17278,11.769820438185517,4.586794429627247,2.733308290274958,2.8881852862577584
WAS,17903,12.660426732375011,4.9721099377211475,2.6748591891901383,-1.986862509274401
