TEAM_ABBREVIATION,MIN,PTS,REB,AST,PLUS_MINUS
ATL,13467,11.858825793749341,4.867675611947798,2.413390145035423,-3.980326672339381
BKN,15165,11.837592803654207,4.66901939781907,2.6102982726544233,-0.4322940491635366
BOS,14572,13.58439518769301,5.140636596655798,2.7769954875054106,4.184086392341605
CHA,15195,9.450241113327523,4.134537150449722,2.2613830809654343,-3.145879023190823
CHI,13987,10.527090851030017,4.388526830588492,2.1869785825340258,-1.752288830408597
CLE,13307,13.150661851882777,5.480387622497777,2.4403489116623325,-5.2481659604097235
DAL,16884,12.145002882769298,4.440094722508484,2.816568883760823,2.3762474837444465
DEN,16488,11.48425747129821,4.463708506050763,2.662876531213651,1.3663200867920582
DET,14593,11.931600593496624,4.255076714742307,2.6968980047799183,-1.809760076169034
GSW,15206,11.676711538393738,4.404201600655075,2.845784090509455,-4.534541073904889
HOU,15709,14.18654648907302,5.400192376798142,2.4906482797547875,1.638166148253339
IND,15816,12.851122975851478,4.713377213513274,3.05422810556658,1.0370397213191944
LAC,15233,12.181944389242384,4.78997210695616,2.4711209611646625,3.979851977406449
LAL,15356,11.706470155615305,4.468353368998698,2.68556775509174,3.15135248441767
MEM,16572,10.322607814780625,4.37120908489711,2.3600711016000377,-0.33375407497365395
MIA,17170,11.058479210116436,4.5763166867068445,2.663791590471294,1.4527696742622098
MIL,15169,11.44463439001695,4.976765272571367,2.5589401250091193,5.2959911628005045
MIN,14700,12.282785550467157,4.438325570554931,2.6208342344510975,-2.372432192678219
NOP,15958,11.809362109932627,4.809927573822839,2.574166224930921,-0.5033943780203226
NYK,15518,9.583135246164678,4.135850678568292,2.1052812440388626,-2.9584813625311264
OKC,16250,11.086193760960652,4.265507207964824,2.096865153946074,1.2177989188242144
ORL,15962,10.9885194553967,4.709751467490537,2.469232885270949,-0.5275917277136751
PHI,15990,11.69182094133212,4.616939160356129,2.5467189755657578,1.3163743509456756
PHX,15981,12.319764944357622,4.83455747306444,2.759740878480533,1.1069177403992312
POR,16694,12.09094178668946,5.203456970238688,2.208466932162474,-0.25437095541766996
SAC,15595,11.36394995615862,5.285672821664402,2.0946138680488877,-0.48814137110118483
SAS,16629,10.461106698859208,4.088192702139087,2.2258830814620314,-0.06861377867039416
TOR,15585,12.846744116470504,4.984045663307283,3.1081778858727884,3.3901896828471036
UTA,14773,13.389748010714152,4.70923376652291,2.7058967651697468,1.7626545241386138
WAS,15854,11.55036566665559,4.065109693320549,2.442120852330697,-2.3263008911404954
