TEAM_ABBREVIATION,MIN,PTS,REB,AST,PLUS_MINUS
ATL,17149,11.8976593223201,4.572477177252416,2.0872425381187054,0.43506785073955634
BKN,18449,11.998453562002306,4.551546047382228,2.707969598403016,0.7571602009436857
BOS,17297,12.570786077178884,5.038081676338329,2.80382421537565,4.62937336842196
CHA,18116,13.244987490081064,5.143701628506956,3.143969590145099,0.7880146730490538
CHI,17907,11.962640937609606,4.583612835948695,2.6665586641737966,-0.07558900482069647
CLE,17862,11.804526094753099,4.397012243195258,2.954163457963085,1.7132996048551337
DAL,16552,13.398193302714429,4.90492957930788,2.825370678569436,2.0910986360533643
DEN,18195,10.59990628457885,4.263376435913785,2.559119780280759,1.1879840947900655
DET,18355,9.132597988865362,3.808250225813006,2.3068503260431306,-3.820744219238633
GSW,17648,11.426351412657988,4.561917400641371,2.8717758287289086,3.099670207638972
HOU,18244,11.007224437685,3.951902554688608,2.5757829183687124,-4.717565338649736
IND,18834,11.284479929677067,4.368675648076115,2.679625796881111,-1.8970909872487325
LAC,17846,12.569888869520703,4.575984976302125,2.59117395522342,0.050643188021358844
LAL,18895,10.380778958936876,4.0760235238902816,2.2292117983359283,-1.1129075592399966
MEM,17747,12.519970567444336,4.848707870608381,2.758978152307951,3.370847791486403
MIA,18203,11.909317981426021,4.222126496274435,2.782229165752402,2.3182628845289455
MIL,17532,10.308142237490399,4.44217781419876,2.229978491201405,0.911673466303311
MIN,17589,12.06039580832183,4.723226056155112,2.8203407093545123,1.2828011620458566
NOP,17283,11.27920604243451,4.4833649686637,2.6366129277482457,-0.5334810916909598
NYK,18404,11.001235275163415,4.737075682413846,2.3596069457271147,-0.3204856520466425
OKC,18974,9.917434535158835,4.455550175498811,2.236350777720874,-7.2060546214375085
ORL,18463,9.202466841004336,3.866907584256963,2.389309239024273,-4.064575874546637
PHI,18125,13.096290080792329,4.879352655441554,3.3018229088430293,2.110210505063447
PHX,17657,12.276766379871079,4.676657895493764,2.980330540497139,4.100448656967852
POR,17501,11.616460596001852,4.574547481558274,2.7169903759489253,-4.787618799012045
SAC,19262,11.086395723074197,4.830297240025378,2.3810736004526443,-2.494163462766766
SAS,17797,10.675702811376068,4.049672984031497,2.7096875120236805,-0.04056604758182376
TOR,16877,11.684491949963345,4.912845632482014,2.5444742737148056,-1.9017171930371972
UTA,17230,12.108978260164303,5.052255064497213,2.291780304919294,3.955742827541023
WAS,18608,11.328007541929495,4.469064733367881,3.193136580037448,-0.9651218693543915
