TEAM_ABBREVIATION,MIN,PTS,REB,AST,PLUS_MINUS
ATL,16604,14.616683494593563,5.242948056275328,2.873486835305964,0.7609714279574029
BKN,17123,13.99973926036473,4.694117505411625,3.399738122368303,-0.022539545490801498
BOS,17574,13.370996596170164,5.158270933142394,2.9537029231080605,4.015804273215954
CHA,18232,11.801516715867386,4.583223670218534,2.8514812547689585,-3.17612739542742
CHI,17805,11.83424602833502,4.162247015495479,2.8903706775848983,0.5655720912403337
CLE,18669,11.922558277485708,4.543691770915324,2.722643242928809,3.0495303270894767
DAL,16871,13.20573367185216,4.188131242416439,2.732646350815145,0.40776333522018476
DEN,16971,12.565378905987417,4.4200186585972014,3.159359368748467,1.8333582544425298
DET,18759,11.654495626163426,4.494966099346988,2.2488805020242104,-4.254035436770692
GSW,17547,12.99685229516977,4.7194232598967165,3.261450147037206,1.6722740630732191
HOU,16321,12.998536813358275,4.93910698940503,2.7863241821173172,-4.339228057179845
IND,19064,10.95115473551191,3.826110799943791,2.5438134898248497,-1.0707528800488642
LAC,18333,12.17226501758142,4.293304497368526,2.888222937472986,0.4908220433941332
LAL,17962,13.158428240134716,5.015486426953672,2.900192832952095,0.8948839413443582
MEM,18770,11.233280496724282,4.7665147496877,2.86226003076338,1.3848307753862377
MIA,18149,11.505748834550355,4.1489832879113875,2.6928709863395386,-0.38062595642834013
MIL,17880,11.518158120633712,4.737193157684572,2.746996362056833,2.1997253498749108
MIN,18599,12.166021923050648,4.291148062068529,3.031434515370211,0.05312310033532186
NOP,18390,12.634570020751303,4.414680980366065,2.93132536186328,1.202129411974074
NYK,18785,11.904662429500044,4.977097434166356,2.3455835372949543,1.5950175451404676
OKC,17410,11.168285998477094,4.305565914236601,2.3714548680832945,-0.2328659013307753
ORL,18106,10.620292144773611,4.211721001707535,2.1854867142708345,-1.814867798051583
PHI,16518,14.399535096048872,4.541357028083641,3.2407924419349925,3.369275344318241
PHX,16752,12.71565074260388,4.0454907800973565,2.9619351152431124,1.590103056300459
POR,18390,10.668132553922034,3.98161304863065,2.7338886415451062,-4.386129899380611
SAC,16837,14.158337224355627,4.61984193866888,3.2729520333299287,1.8347792740642155
SAS,18013,11.117827231160469,4.073212018925652,2.7828145116674774,-4.897374217139124
TOR,15883,14.475010512513911,5.45647091604189,2.8714406423509327,1.0435704783979327
UTA,16927,11.743240737554968,4.560700860794606,2.9282740110224426,-0.5437284982849984
WAS,17851,11.828369064906138,4.219721661500182,2.6858682990625167,-0.8568623551007317
