TEAM_ABBREVIATION,MIN,PTS,REB,AST,PLUS_MINUS
ATL,18254,13.579938007788598,5.107402537873299,3.0379995185401585,-0.8583568868565256
BKN,18566,10.746637727538356,4.573428178106117,2.9475610099346823,-1.4888401370085176
BOS,17619,14.458353630931315,5.300009510050192,3.177443061535657,6.415880913333589
CHA,16455,12.508899635434041,4.451121894485229,3.3701195446696484,-5.398154576615906
CHI,17420,13.915690971579531,5.558336690769904,2.8034018560948994,-0.9591454383597122
CLE,18099,12.805424484115052,4.6417814919435045,3.1059142845731342,1.5356263983478216
DAL,16109,12.980075254263163,4.871107582709467,2.7578102154364794,2.1999572733816346
DEN,16830,14.050106991910464,5.142291835981403,3.6716707916363998,4.122394176931264
DET,18278,10.189432346744256,4.0549698335662185,2.2021574613377615,-4.701928175147488
GSW,18841,11.22025704130865,4.549929241656401,2.916269578947421,1.3450967337002997
HOU,18338,12.130557925363274,4.9189765826450715,2.549990304876475,0.6966302060558953
IND,17215,13.523576975874237,4.4076866065058775,3.393569591157858,1.6617777254630026
LAC,17526,10.273291808029175,3.9979953586735872,2.4139119898903707,2.671387569567241
LAL,17583,12.196713068944893,4.455325351964333,3.081958539393675,1.2744873911042818
MEM,19571,9.226153873604614,4.1720860145399055,2.441305630132892,-3.5548605472623445
MIA,18443,11.710586508525934,4.1984521670027055,2.9546860580531735,1.3678577159605998
MIL,16773,13.920367614374443,5.200833178830141,3.231702762125806,1.7908592612017327
MIN,17758,12.947459052733507,5.003471648909178,3.008147409263465,3.7843443071609406
NOP,18438,12.29369112908991,4.501128801868987,2.894519425100668,2.4760662159318567
NYK,18360,13.222723107060933,5.03820527386742,2.521585546054109,2.9951842083619358
OKC,16260,12.905490737516597,4.095763779024892,2.764467725112312,3.8812131623054507
ORL,18208,10.303767585714825,4.03892969209298,2.349597985767926,1.2006912876733453
PHI,16576,11.860454360877258,4.428277299438365,2.716475324126871,2.4114286443606283
PHX,16970,13.00630144044479,4.689712272014451,3.152428197189807,2.368366821390538
POR,18936,11.30987967583575,4.318165023795313,2.635281383279777,-4.665355079061442
SAC,17230,12.99866255396412,4.568291552055367,3.2294405389816725,1.1327556147873143
SAS,17280,11.829962343598108,4.378439963120666,2.950682267787181,-3.712422025755785
TOR,17589,11.030225474568242,4.3140535717228605,2.9170515455595747,-3.9072529792575352
UTA,18472,11.058739930412726,4.2758836009272585,2.610991543689154,-2.3371857592468803
WAS,15800,11.73761411258534,4.736582954733531,2.5427226881766525,-4.4372852330013455
