TEAM_ABBREVIATION,MIN,PTS_x,REB_x,AST_x,PLUS_MINUS_x,Team_Full_Name,TEAM_ID,TEAM_NAME_base,GP_base,W_base,L_base,W_PCT_base,MIN_base,FGM,FGA,FG_PCT,FG3M,FG3A,FG3_PCT,FTM,FTA,FT_PCT,OREB,DREB,REB_y,AST_y,TOV,STL,BLK,BLKA,PF,PFD,PTS_y,PLUS_MINUS_y,GP_RANK_base,W_RANK_base,L_RANK_base,W_PCT_RANK_base,MIN_RANK_base,FGM_RANK,FGA_RANK,FG_PCT_RANK,FG3M_RANK,FG3A_RANK,FG3_PCT_RANK,FTM_RANK,FTA_RANK,FT_PCT_RANK,OREB_RANK,DREB_RANK,REB_RANK,AST_RANK,TOV_RANK,STL_RANK,BLK_RANK,BLKA_RANK,PF_RANK,PFD_RANK,PTS_RANK,PLUS_MINUS_RANK,TEAM_NAME_advanced,GP_advanced,W_advanced,L_advanced,W_PCT_advanced,MIN_advanced,E_OFF_RATING,OFF_RATING,E_DEF_RATING,DEF_RATING,E_NET_RATING,NET_RATING,AST_PCT,AST_TO,AST_RATIO,OREB_PCT,DREB_PCT,REB_PCT,TM_TOV_PCT,EFG_PCT,TS_PCT,E_PACE,PACE,PACE_PER40,POSS,PIE,GP_RANK_advanced,W_RANK_advanced,L_RANK_advanced,W_PCT_RANK_advanced,MIN_RANK_advanced,OFF_RATING_RANK,DEF_RATING_RANK,NET_RATING_RANK,AST_PCT_RANK,AST_TO_RANK,AST_RATIO_RANK,OREB_PCT_RANK,DREB_PCT_RANK,REB_PCT_RANK,TM_TOV_PCT_RANK,EFG_PCT_RANK,TS_PCT_RANK,PACE_RANK,PIE_RANK,Major_Injury_Percent
ATL,18714,9.24577330239732,3.7913145973032654,2.073647177444327,-2.7241781390028286,Atlanta Hawks,1610612737,Atlanta Hawks,82,24,58,0.293,48.1,38.2,85.5,0.446,11.2,31.0,0.36,15.8,20.2,0.785,9.1,32.8,41.9,23.7,15.5,7.8,4.2,5.5,19.6,20.3,103.4,-5.5,1,27,27,27,27,28,20,25,9,7,15,22,23,7,22,23,25,8,27,12,23,28,14,14,25,26,Atlanta Hawks,82,24,58,0.293,3941.0,102.4,104.4,108.2,110.1,-5.8,-5.7,0.622,1.53,17.6,0.263,0.719,0.489,0.157,0.512,0.547,100.6,98.76,82.3,8114,0.468,1,27,27,27,27,26,24,26,5,23,8,18,26,26,29,22,20,8,26,98.78048780487805
BKN,18049,11.404000783675265,4.37424249716455,2.530153329027435,-1.848120659773745,Brooklyn Nets,1610612751,Brooklyn Nets,82,28,54,0.341,48.4,38.2,86.8,0.441,12.7,35.7,0.356,17.4,22.6,0.772,9.7,34.8,44.4,23.7,15.2,6.2,4.8,5.5,20.6,19.7,106.6,-3.7,1,23,23,23,5,27,10,29,2,2,20,8,11,14,15,9,9,9,25,30,16,27,23,19,14,24,Brooklyn Nets,82,28,54,0.341,3971.0,104.3,106.1,108.5,109.7,-4.2,-3.6,0.619,1.56,17.3,0.251,0.731,0.489,0.151,0.514,0.551,101.1,99.66,83.05,8238,0.474,1,23,23,23,5,22,21,24,6,21,12,24,14,25,22,18,15,6,24,21.951219512195124
BOS,17067,11.957884039265318,4.856918179909047,2.5757885911653036,2.1332114446098465,Boston Celtics,1610612738,Boston Celtics,82,55,27,0.671,48.3,38.3,85.1,0.45,11.5,30.4,0.377,16.0,20.7,0.771,9.4,35.1,44.5,22.5,14.0,7.4,4.5,4.4,19.7,19.2,104.0,3.6,1,4,4,4,12,25,25,21,7,10,2,21,20,17,20,6,8,20,15,23,18,6,17,22,20,6,Boston Celtics,82,55,27,0.671,3961.0,105.3,106.8,101.5,103.2,3.7,3.6,0.586,1.6,17.0,0.263,0.739,0.504,0.144,0.518,0.552,98.2,96.75,80.63,7987,0.519,1,4,4,4,12,18,2,7,13,17,21,19,10,11,15,15,14,22,8,50.0
CHA,17356,10.90115200222795,4.683343504353525,2.255423248560116,0.3695041782686825,Charlotte Hornets,1610612766,Charlotte Hornets,82,36,46,0.439,48.2,39.0,86.7,0.45,10.0,27.2,0.369,20.2,27.0,0.747,10.1,35.4,45.5,21.6,12.7,6.8,4.5,4.9,17.2,22.4,108.2,0.3,1,20,20,20,16,18,11,24,19,21,8,1,1,24,12,4,3,24,3,28,18,20,2,1,10,17,Charlotte Hornets,82,36,46,0.439,3956.0,107.0,109.0,107.0,109.0,0.0,-0.1,0.554,1.7,16.1,0.271,0.763,0.512,0.128,0.508,0.549,100.5,98.66,82.21,8143,0.5,1,20,20,20,16,9,17,18,25,9,27,13,2,5,2,25,18,10,18,67.07317073170732
CHI,19231,10.32719664026554,4.27988185006881,2.1662252720988744,-3.5684200274021634,Chicago Bulls,1610612741,Chicago Bulls,82,27,55,0.329,48.4,38.7,88.8,0.435,11.0,31.1,0.355,14.6,19.2,0.759,9.6,35.0,44.7,23.5,14.0,7.6,3.5,5.2,19.2,17.4,102.9,-7.0,1,24,24,24,5,23,1,30,10,6,21,28,26,20,16,8,6,10,13,18,30,24,9,29,26,29,Chicago Bulls,82,27,55,0.329,3971.0,101.3,103.4,109.1,110.5,-7.8,-7.0,0.607,1.68,17.3,0.256,0.767,0.5,0.141,0.497,0.529,100.3,98.65,82.21,8160,0.453,1,24,24,24,5,28,28,28,8,13,14,22,1,17,11,29,29,11,28,79.26829268292683
CLE,18077,10.415006416869106,3.746093410549499,2.2796840897889927,0.27091112089656205,Cleveland Cavaliers,1610612739,Cleveland Cavaliers,82,50,32,0.61,48.1,40.4,84.8,0.476,12.0,32.1,0.372,18.1,23.3,0.779,8.5,33.7,42.1,23.4,13.7,7.1,3.8,4.1,18.6,20.7,110.9,0.9,1,6,6,6,23,10,26,5,3,5,6,6,9,10,27,17,23,12,10,24,28,3,5,7,5,14,Cleveland Cavaliers,82,50,32,0.61,3946.0,110.6,112.0,109.5,111.1,1.0,1.0,0.579,1.7,17.5,0.243,0.73,0.492,0.139,0.547,0.584,100.1,98.72,82.27,8114,0.502,1,6,6,6,23,5,29,14,20,8,9,28,16,24,9,3,3,9,17,71.95121951219512
DAL,18224,9.830795817952156,3.8757149480508426,2.0616349480319793,-1.887652887511367,Dallas Mavericks,1610612742,Dallas Mavericks,82,24,58,0.293,48.3,38.1,85.9,0.444,11.8,32.8,0.36,14.2,18.7,0.763,8.1,33.1,41.3,22.7,12.3,7.0,3.8,4.5,19.2,19.6,102.3,-3.0,1,27,27,27,12,29,17,26,5,4,17,29,29,19,30,21,27,19,1,25,29,8,10,20,28,22,Dallas Mavericks,82,24,58,0.293,3961.0,104.1,105.4,107.4,108.4,-3.3,-2.9,0.594,1.85,17.3,0.224,0.749,0.478,0.127,0.513,0.544,97.5,96.53,80.44,7959,0.475,1,27,27,27,12,24,16,22,10,2,11,30,5,30,1,19,23,26,23,92.6829268292683
DEN,18221,11.891044193330169,4.644019966677838,2.7774622877659247,0.8509726912078528,Denver Nuggets,1610612743,Denver Nuggets,82,46,36,0.561,48.5,40.7,86.6,0.47,11.5,30.9,0.371,17.1,22.3,0.767,11.0,33.5,44.5,25.1,15.0,7.6,4.9,4.8,18.7,20.7,110.0,1.5,1,14,14,14,4,7,12,10,6,8,7,12,12,18,2,20,7,5,23,17,12,16,6,6,6,11,Denver Nuggets,82,46,36,0.561,3976.0,109.6,111.4,108.8,110.0,0.8,1.4,0.617,1.68,18.2,0.3,0.736,0.517,0.151,0.536,0.57,99.1,97.69,81.41,8095,0.511,1,14,14,14,4,6,23,11,7,11,5,2,11,2,23,6,7,15,10,91.46341463414635
DET,17186,11.26876396724319,4.214767171999215,2.5899826059446562,-0.7940720605704145,Detroit Pistons,1610612765,Detroit Pistons,82,39,43,0.476,48.3,39.1,86.9,0.45,10.8,28.9,0.373,14.7,19.8,0.745,10.1,33.6,43.7,22.8,13.4,7.7,3.9,4.9,18.4,18.4,103.8,-0.1,1,19,19,19,12,16,9,23,14,16,5,27,24,25,11,18,16,15,7,14,27,17,4,27,22,19,Detroit Pistons,82,39,43,0.476,3961.0,104.9,106.6,104.8,106.7,0.0,-0.1,0.582,1.7,17.1,0.269,0.74,0.499,0.138,0.512,0.543,98.4,96.75,80.62,7981,0.489,1,19,19,19,12,19,10,19,19,10,18,16,9,18,7,20,26,23,21,8.536585365853659
GSW,14603,12.898393211228031,3.83925772888915,3.4525863400749945,3.1375570813337594,Golden State Warriors,1610612744,Golden State Warriors,82,58,24,0.707,48.1,42.8,85.1,0.503,11.3,28.9,0.391,16.6,20.3,0.815,8.4,35.1,43.5,29.3,15.4,8.0,7.5,3.7,19.6,18.5,113.5,6.0,1,3,3,3,23,1,24,1,8,17,1,18,22,1,28,7,17,1,26,9,1,1,15,25,1,3,Golden State Warriors,82,58,24,0.707,3946.0,112.3,112.8,104.2,106.8,8.1,5.9,0.685,1.9,20.9,0.243,0.712,0.497,0.153,0.569,0.603,101.8,100.35,83.63,8251,0.554,1,3,3,3,23,3,11,3,1,1,1,27,29,19,25,1,1,5,1,98.78048780487805
HOU,17931,11.522795011885178,4.399729779035533,2.1814586273095045,3.4655152466160692,Houston Rockets,1610612745,Houston Rockets,82,65,17,0.793,48.2,38.7,84.2,0.46,15.3,42.3,0.362,19.6,25.1,0.781,9.0,34.5,43.5,21.5,13.8,8.5,4.8,4.4,19.5,20.4,112.4,8.5,1,1,1,1,18,22,27,15,1,1,14,2,3,9,24,10,18,26,11,5,15,5,12,11,2,1,Houston Rockets,82,65,17,0.793,3951.0,112.2,114.1,103.8,105.7,8.5,8.4,0.557,1.56,16.4,0.254,0.75,0.503,0.141,0.551,0.59,99.7,98.02,81.69,8078,0.531,1,1,1,1,18,1,7,1,22,22,26,23,4,14,10,2,2,13,5,100.0
IND,17614,12.050015605714604,4.947585854395173,2.6021811838591424,1.101604344925364,Indiana Pacers,1610612754,Indiana Pacers,82,48,34,0.585,48.2,40.8,86.4,0.472,9.0,24.5,0.369,14.9,19.2,0.779,9.6,32.7,42.3,22.2,13.3,8.8,4.1,5.2,18.8,18.5,105.6,1.4,1,8,8,8,18,6,14,6,25,26,9,24,27,11,17,25,22,23,5,3,25,25,7,26,17,12,Indiana Pacers,82,48,34,0.585,3951.0,107.2,108.5,105.6,107.3,1.6,1.3,0.544,1.67,16.8,0.271,0.721,0.496,0.136,0.525,0.557,98.2,96.84,80.7,7977,0.509,1,8,8,8,18,11,12,12,28,14,22,15,24,20,5,12,13,21,12,81.70731707317073
LAL,17413,11.759519171466593,4.5603723140596575,2.841721835142331,0.37847074460282565,Los Angeles Lakers,1610612747,Los Angeles Lakers,82,35,47,0.427,48.5,40.7,88.4,0.461,10.0,29.1,0.345,16.6,23.3,0.714,10.7,35.7,46.4,23.8,15.8,7.7,4.7,5.5,21.2,20.5,108.1,-1.5,1,21,21,21,3,7,2,14,20,15,29,16,8,30,4,2,2,7,29,13,17,26,24,9,11,21,Los Angeles Lakers,82,35,47,0.427,3981.0,104.2,106.0,105.6,107.3,-1.4,-1.3,0.584,1.51,17.0,0.279,0.729,0.505,0.155,0.517,0.548,102.6,100.9,84.08,8361,0.491,1,21,21,21,3,23,13,21,17,27,19,8,17,9,26,16,19,3,20,97.5609756097561
MEM,18769,9.438277207504733,3.2908140326129947,2.4194833820300365,-3.5053062539617357,Memphis Grizzlies,1610612763,Memphis Grizzlies,82,22,60,0.268,48.1,36.7,82.8,0.444,9.2,26.2,0.352,16.6,21.1,0.786,9.5,31.0,40.5,21.5,15.0,7.5,4.8,5.1,23.2,20.4,99.3,-6.2,1,29,29,29,27,30,30,27,24,24,25,17,16,6,18,30,29,26,24,22,14,23,30,10,29,27,Memphis Grizzlies,82,22,60,0.268,3941.0,101.8,103.6,108.4,110.4,-6.6,-6.8,0.586,1.44,16.6,0.276,0.721,0.493,0.156,0.5,0.539,97.3,95.65,79.71,7865,0.46,1,29,29,29,27,27,26,27,12,29,24,10,23,23,28,28,27,29,27,57.3170731707317
MIA,19191,10.700293181250485,4.389705989980239,2.337739938395358,-0.07938340661879052,Miami Heat,1610612748,Miami Heat,82,44,38,0.537,48.6,38.8,85.3,0.455,11.0,30.6,0.36,14.7,19.5,0.755,9.3,34.2,43.5,22.7,14.4,7.6,5.3,4.6,20.1,19.4,103.4,0.5,1,15,15,15,2,19,23,17,11,9,16,26,25,22,21,13,18,17,16,21,6,10,20,21,23,16,Miami Heat,82,44,38,0.537,3986.0,104.5,106.2,104.0,105.8,0.5,0.4,0.585,1.58,17.1,0.261,0.741,0.501,0.148,0.52,0.551,97.8,96.1,80.08,7985,0.505,1,15,15,15,2,21,8,16,16,19,16,20,7,16,19,14,16,27,15,84.14634146341463
MIL,18071,10.006400656719958,3.935404014889126,2.2165219831698444,-0.546594519407151,Milwaukee Bucks,1610612749,Milwaukee Bucks,82,44,38,0.537,48.4,39.7,83.0,0.478,8.8,24.7,0.355,18.3,23.4,0.783,8.4,31.5,39.8,23.2,13.8,8.8,5.4,4.5,21.4,19.9,106.5,-0.3,1,15,15,15,8,14,28,3,27,25,22,5,7,8,29,28,30,14,11,2,5,7,26,16,15,20,Milwaukee Bucks,82,44,38,0.537,3966.0,107.8,109.0,107.1,109.1,0.7,-0.2,0.585,1.68,17.7,0.244,0.709,0.48,0.142,0.531,0.571,98.5,97.03,80.86,8013,0.502,1,15,15,15,8,10,18,20,15,12,7,26,30,28,12,8,6,20,16,97.5609756097561
MIN,18930,12.841393451066219,4.847865204265077,2.757708641542634,1.769188580973183,Minnesota Timberwolves,1610612750,Minnesota Timberwolves,82,47,35,0.573,48.3,41.0,86.1,0.476,8.0,22.5,0.357,19.4,24.1,0.804,10.3,31.6,42.0,22.7,12.5,8.4,4.2,4.7,18.2,20.9,109.5,2.2,1,12,12,12,12,4,15,4,30,30,19,3,5,2,7,27,24,18,2,6,24,12,3,5,8,10,Minnesota Timberwolves,82,47,35,0.573,3961.0,110.8,112.5,108.4,110.2,2.4,2.3,0.553,1.82,17.0,0.289,0.72,0.503,0.128,0.523,0.566,98.3,96.75,80.62,7985,0.518,1,12,12,12,12,4,25,10,26,3,20,4,25,13,3,13,9,23,9,60.97560975609756
NOP,18160,12.309680566422362,5.120183677996202,3.1211373084481253,1.1084205035369494,New Orleans Pelicans,1610612740,New Orleans Pelicans,82,48,34,0.585,48.7,42.7,88.3,0.483,10.2,28.2,0.362,16.1,20.9,0.772,8.7,35.6,44.3,26.8,14.9,8.0,5.9,4.2,19.1,20.4,111.7,1.3,1,8,8,8,1,2,3,2,18,18,13,19,17,15,26,3,10,3,22,8,3,4,8,13,3,13,New Orleans Pelicans,82,48,34,0.585,3991.0,107.7,108.5,105.6,107.4,2.1,1.1,0.627,1.79,19.0,0.24,0.726,0.494,0.145,0.541,0.573,102.7,101.48,84.57,8443,0.525,1,8,8,8,1,12,14,13,4,5,3,29,19,21,16,4,5,1,7,85.36585365853658
NYK,18299,10.50994626539061,4.114829031569658,2.3261625960628907,-1.9318684468349063,New York Knicks,1610612752,New York Knicks,82,29,53,0.354,48.4,40.7,87.7,0.464,8.2,23.3,0.352,14.9,19.0,0.787,10.5,33.6,44.0,23.3,14.7,6.7,5.1,4.7,20.5,18.4,104.5,-3.6,1,22,22,22,8,9,5,12,29,29,27,24,28,5,5,19,13,13,21,29,8,14,22,28,18,23,New York Knicks,82,29,53,0.354,3966.0,104.1,106.3,108.4,109.7,-4.3,-3.4,0.573,1.58,17.2,0.289,0.727,0.509,0.15,0.51,0.544,99.2,97.64,81.37,8059,0.481,1,22,22,22,8,20,22,23,21,18,15,3,18,6,21,24,24,17,22,52.4390243902439
OKC,17773,11.634095311886288,4.837592584892294,2.281811073858018,2.0855866390727433,Oklahoma City Thunder,1610612760,Oklahoma City Thunder,82,48,34,0.585,48.4,39.9,88.1,0.453,10.7,30.4,0.354,17.3,24.2,0.716,12.5,32.6,45.1,21.3,14.0,9.1,5.0,4.6,20.2,21.3,107.9,3.4,1,8,8,8,8,13,4,18,15,11,24,10,4,29,1,26,5,28,13,1,11,9,21,3,12,7,Oklahoma City Thunder,82,48,34,0.585,3966.0,107.6,110.1,104.7,106.4,2.9,3.7,0.535,1.53,15.8,0.32,0.725,0.515,0.143,0.514,0.546,99.2,97.34,81.11,8036,0.508,1,8,8,8,8,7,9,6,29,25,28,1,20,3,13,17,21,18,14,57.3170731707317
ORL,17716,10.009931064969093,3.9116368220921367,2.3383903117040887,-2.626061681699343,Orlando Magic,1610612753,Orlando Magic,82,25,57,0.305,48.1,38.8,85.9,0.452,10.3,29.3,0.351,15.5,20.5,0.757,8.8,32.8,41.6,23.4,14.5,7.6,4.9,4.9,19.3,19.0,103.4,-4.8,1,26,26,26,23,20,17,19,17,14,28,23,21,21,25,24,26,11,17,20,13,19,11,24,24,25,Orlando Magic,82,25,57,0.305,3946.0,102.8,104.7,107.7,109.4,-4.9,-4.7,0.604,1.61,17.5,0.248,0.714,0.48,0.147,0.512,0.545,100.3,98.58,82.15,8096,0.472,1,26,26,26,23,25,20,25,9,16,10,25,28,29,17,21,22,12,25,100.0
PHI,18999,10.740094605583055,4.590040048856928,2.5743575476324465,2.4115153563339247,Philadelphia 76ers,1610612755,Philadelphia 76ers,82,52,30,0.634,48.2,40.8,86.6,0.472,11.0,29.8,0.369,17.1,22.8,0.752,10.9,36.5,47.4,27.1,16.5,8.3,5.1,5.1,22.1,20.4,109.8,4.5,1,5,5,5,16,5,13,8,12,12,10,11,10,23,3,1,1,2,30,7,9,21,29,11,7,4,Philadelphia 76ers,82,52,30,0.634,3956.0,107.4,108.5,102.0,103.9,5.4,4.6,0.663,1.64,19.1,0.286,0.736,0.52,0.163,0.535,0.568,102.2,100.75,83.96,8299,0.542,1,5,5,5,16,13,3,4,2,15,2,5,12,1,30,7,8,4,2,10.975609756097562
PHX,18447,10.664833001234788,4.279014959593601,2.5261011289480986,-6.117592743123475,Phoenix Suns,1610612756,Phoenix Suns,82,21,61,0.256,48.1,38.5,87.1,0.442,9.3,27.9,0.334,17.7,23.9,0.741,10.3,33.9,44.1,21.3,15.7,6.9,4.5,6.0,22.0,20.9,103.9,-9.4,1,30,30,30,27,24,7,28,23,20,30,7,6,27,8,15,12,29,28,27,21,30,28,4,21,30,Phoenix Suns,82,21,61,0.256,3941.0,100.8,102.8,110.6,111.7,-9.7,-9.0,0.553,1.35,15.6,0.271,0.724,0.493,0.155,0.495,0.532,102.6,101.14,84.28,8293,0.442,1,30,30,30,27,30,30,30,27,30,29,14,22,22,27,30,28,2,30,95.1219512195122
POR,18603,11.047517545289033,4.5801100684637595,2.050024460162933,1.5084650123823962,Portland Trail Blazers,1610612757,Portland Trail Blazers,82,49,33,0.598,48.2,39.3,87.0,0.452,10.3,28.1,0.366,16.7,20.9,0.8,10.2,35.3,45.5,19.5,13.5,7.0,5.2,5.1,19.5,19.1,105.6,2.6,1,7,7,7,18,15,8,20,16,19,11,15,18,3,9,5,3,30,8,26,7,22,13,23,16,9,Portland Trail Blazers,82,49,33,0.598,3951.0,106.1,108.4,104.2,105.7,1.9,2.7,0.496,1.44,15.0,0.279,0.746,0.513,0.139,0.511,0.549,98.8,97.11,80.93,7992,0.51,1,7,7,7,18,14,6,9,30,28,30,7,6,4,8,23,17,19,11,17.073170731707318
SAC,19139,9.034765607668017,3.9602786391276332,1.9679893886678452,-3.0996134729680844,Sacramento Kings,1610612758,Sacramento Kings,82,27,55,0.329,48.2,38.8,86.1,0.45,9.0,24.0,0.375,12.3,16.7,0.735,9.5,31.4,40.9,21.6,13.7,7.8,4.1,4.7,20.0,17.3,98.8,-7.0,1,24,24,24,18,21,15,22,26,28,3,30,30,28,19,29,28,25,9,11,25,14,19,30,30,28,Sacramento Kings,82,27,55,0.329,3951.0,101.1,103.1,109.0,110.4,-7.9,-7.3,0.556,1.57,16.6,0.264,0.731,0.489,0.143,0.502,0.529,97.1,95.5,79.58,7860,0.451,1,24,24,24,18,29,27,29,23,20,23,17,15,27,14,27,30,30,29,89.02439024390245
SAS,17279,10.809455957791528,4.365241390702355,2.3391318889346664,1.5083527633370089,San Antonio Spurs,1610612759,San Antonio Spurs,82,47,35,0.573,48.1,39.0,85.4,0.457,8.5,24.1,0.352,16.1,20.9,0.772,10.4,33.9,44.2,22.8,13.1,7.7,5.6,3.9,17.2,19.7,102.7,2.9,1,12,12,12,23,17,22,16,28,27,26,19,18,13,6,14,11,15,4,14,4,2,1,18,27,8,San Antonio Spurs,82,47,35,0.573,3946.0,105.5,107.1,102.4,104.1,3.1,3.0,0.583,1.73,17.3,0.277,0.741,0.508,0.137,0.507,0.543,97.2,95.7,79.75,7867,0.525,1,12,12,12,23,17,4,8,18,6,13,9,8,8,6,26,25,28,6,21.951219512195124
TOR,19067,10.623201183725302,4.1179588921772785,2.319931188227867,3.6565179970253623,Toronto Raptors,1610612761,Toronto Raptors,82,59,23,0.72,48.4,41.3,87.4,0.472,11.8,33.0,0.358,17.3,21.8,0.794,9.8,34.2,44.0,24.3,13.4,7.6,6.1,4.9,21.7,19.9,111.7,7.8,1,2,2,2,8,3,6,7,4,3,18,9,13,4,14,11,14,6,6,18,2,18,27,16,4,2,Toronto Raptors,82,59,23,0.72,3966.0,111.0,113.0,103.4,105.3,7.6,7.7,0.59,1.82,17.9,0.274,0.725,0.502,0.135,0.539,0.575,99.8,98.02,81.68,8104,0.538,1,2,2,2,8,2,5,2,11,4,6,12,21,15,4,5,4,14,3,86.58536585365853
UTA,18345,10.884703234285498,4.32366567264673,2.1588071659702615,2.0014718893592227,Utah Jazz,1610612762,Utah Jazz,82,48,34,0.585,48.2,38.3,82.9,0.462,10.8,29.6,0.366,16.8,21.5,0.779,9.0,34.2,43.3,22.4,14.7,8.6,5.1,4.6,19.6,20.5,104.1,4.3,1,8,8,8,18,26,29,13,13,13,12,14,15,12,23,11,20,21,20,4,9,11,16,8,19,5,Utah Jazz,82,48,34,0.585,3951.0,106.2,107.4,101.6,103.0,4.6,4.4,0.586,1.53,17.1,0.256,0.756,0.509,0.152,0.527,0.564,97.8,96.58,80.48,7951,0.532,1,8,8,8,18,16,1,5,14,24,17,21,3,7,24,9,11,25,4,92.6829268292683
WAS,16143,13.060101080904372,4.824817406038171,3.267511576980748,1.1422764535138217,Washington Wizards,1610612764,Washington Wizards,82,43,39,0.524,48.4,39.9,85.6,0.467,9.9,26.5,0.375,16.8,21.8,0.772,10.0,33.1,43.1,25.2,14.6,7.9,4.3,4.7,21.3,20.0,106.6,0.6,1,17,17,17,5,12,19,11,21,23,4,13,14,16,13,22,21,4,18,10,22,13,25,15,13,15,Washington Wizards,82,43,39,0.524,3971.0,106.9,108.1,106.2,107.7,0.7,0.4,0.631,1.73,18.4,0.274,0.732,0.504,0.148,0.525,0.56,98.9,97.67,81.39,8087,0.509,1,17,17,17,5,15,15,15,3,7,4,11,13,12,20,11,12,16,13,76.82926829268293
