TEAM_ABBREVIATION,MIN,PTS_x,REB_x,AST_x,PLUS_MINUS_x,Team_Full_Name,TEAM_ID,TEAM_NAME_base,GP_base,W_base,L_base,W_PCT_base,MIN_base,FGM,FGA,FG_PCT,FG3M,FG3A,FG3_PCT,FTM,FTA,FT_PCT,OREB,DREB,REB_y,AST_y,TOV,STL,BLK,BLKA,PF,PFD,PTS_y,PLUS_MINUS_y,GP_RANK_base,W_RANK_base,L_RANK_base,W_PCT_RANK_base,MIN_RANK_base,FGM_RANK,FGA_RANK,FG_PCT_RANK,FG3M_RANK,FG3A_RANK,FG3_PCT_RANK,FTM_RANK,FTA_RANK,FT_PCT_RANK,OREB_RANK,DREB_RANK,REB_RANK,AST_RANK,TOV_RANK,STL_RANK,BLK_RANK,BLKA_RANK,PF_RANK,PFD_RANK,PTS_RANK,PLUS_MINUS_RANK,TEAM_NAME_advanced,GP_advanced,W_advanced,L_advanced,W_PCT_advanced,MIN_advanced,E_OFF_RATING,OFF_RATING,E_DEF_RATING,DEF_RATING,E_NET_RATING,NET_RATING,AST_PCT,AST_TO,AST_RATIO,OREB_PCT,DREB_PCT,REB_PCT,TM_TOV_PCT,EFG_PCT,TS_PCT,E_PACE,PACE,PACE_PER40,POSS,PIE,GP_RANK_advanced,W_RANK_advanced,L_RANK_advanced,W_PCT_RANK_advanced,MIN_RANK_advanced,OFF_RATING_RANK,DEF_RATING_RANK,NET_RATING_RANK,AST_PCT_RANK,AST_TO_RANK,AST_RATIO_RANK,OREB_PCT_RANK,DREB_PCT_RANK,REB_PCT_RANK,TM_TOV_PCT_RANK,EFG_PCT_RANK,TS_PCT_RANK,PACE_RANK,PIE_RANK,Major_Injury_Percent
ATL,17790,11.610974569707041,4.6114747270853265,2.5468020799142916,-2.938848013582795,Atlanta Hawks,1610612737,Atlanta Hawks,82,29,53,0.354,48.4,41.4,91.8,0.451,13.0,37.0,0.352,17.6,23.4,0.752,11.6,34.5,46.1,25.8,17.0,8.2,5.1,5.5,23.6,22.2,113.3,-6.0,1,26,26,26,7,15,4,21,4,3,16,18,12,21,4,18,12,10,30,11,14,24,29,5,12,26,Atlanta Hawks,82,29,53,0.354,3971.0,105.5,107.5,111.2,113.1,-5.7,-5.5,0.624,1.52,17.7,0.284,0.718,0.496,0.162,0.522,0.555,106.4,104.56,87.13,8642,0.464,1,26,26,26,7,23,28,26,9,29,16,8,24,20,30,17,17,1,26,76.82926829268293
BKN,19549,10.749396597108598,4.321669587021953,2.281271642430521,0.05500406286500435,Brooklyn Nets,1610612751,Brooklyn Nets,82,42,40,0.512,48.7,40.3,89.7,0.449,12.8,36.2,0.353,19.0,25.5,0.745,11.0,35.6,46.6,23.8,15.1,6.6,4.1,5.3,21.5,22.0,112.2,-0.1,1,14,14,14,1,20,14,25,5,5,14,6,4,24,10,10,7,21,26,27,28,22,23,7,15,15,Brooklyn Nets,82,42,40,0.512,3996.0,106.9,108.9,107.0,109.0,-0.1,-0.1,0.592,1.58,16.9,0.282,0.72,0.501,0.146,0.52,0.556,103.4,101.52,84.6,8452,0.492,1,14,14,14,1,19,15,15,18,25,23,9,23,15,25,18,15,11,21,100.0
BOS,17344,13.197069370851164,4.709884572211825,3.046149138400022,5.013453763921065,Boston Celtics,1610612738,Boston Celtics,82,49,33,0.598,48.2,42.1,90.5,0.465,12.6,34.5,0.365,15.6,19.5,0.802,9.8,34.7,44.5,26.3,12.8,8.6,5.3,3.9,20.4,19.5,112.4,4.4,1,9,9,9,18,11,9,14,6,7,7,28,29,4,20,16,22,5,3,4,10,2,12,26,14,6,Boston Celtics,82,49,33,0.598,3956.0,110.1,111.3,104.9,107.0,5.1,4.3,0.624,2.05,18.8,0.257,0.728,0.495,0.127,0.534,0.567,102.0,100.43,83.69,8282,0.53,1,9,9,9,18,10,6,6,8,2,4,24,15,23,3,7,10,16,5,48.78048780487805
CHA,17503,10.816169764042066,4.008786607148474,2.232229904773609,-0.08479893738432119,Charlotte Hornets,1610612766,Charlotte Hornets,82,39,43,0.476,48.4,40.2,89.8,0.448,11.9,33.9,0.351,18.4,23.1,0.797,9.9,33.9,43.8,23.2,12.2,7.2,4.9,6.0,18.9,20.6,110.7,-1.1,1,17,17,17,11,21,12,26,11,10,18,9,16,6,19,22,23,24,2,21,18,29,3,18,19,18,Charlotte Hornets,82,39,43,0.476,3966.0,108.3,110.7,110.2,112.0,-1.8,-1.3,0.578,1.9,17.0,0.268,0.731,0.495,0.122,0.514,0.554,101.1,99.18,82.65,8202,0.486,1,17,17,17,11,11,23,19,24,6,22,17,12,22,2,24,19,21,24,74.39024390243902
CHI,18214,11.619517191074031,4.626647898900339,2.286272318203741,-4.265781879761374,Chicago Bulls,1610612741,Chicago Bulls,82,22,60,0.268,48.5,39.8,87.9,0.453,9.1,25.9,0.351,16.2,20.7,0.783,8.8,34.1,42.9,21.9,14.1,7.4,4.3,5.8,20.3,18.7,104.9,-8.4,1,27,27,27,3,23,22,20,30,27,19,25,26,11,30,21,25,27,19,20,26,28,9,30,27,27,Chicago Bulls,82,22,60,0.268,3981.0,102.5,104.5,110.9,112.8,-8.4,-8.3,0.55,1.55,16.3,0.242,0.727,0.483,0.141,0.505,0.541,101.1,99.3,82.75,8232,0.453,1,27,27,27,3,29,25,27,25,26,26,30,16,27,20,28,28,20,27,89.02439024390245
CLE,18140,9.605551200350362,4.022246359634698,2.0616723751124786,-4.231360867328165,Cleveland Cavaliers,1610612739,Cleveland Cavaliers,82,19,63,0.232,48.2,38.9,87.6,0.444,10.3,29.1,0.355,16.4,20.7,0.792,10.7,31.9,42.7,20.7,13.5,6.5,2.4,5.6,20.0,19.4,104.5,-9.6,1,28,28,28,24,26,23,28,20,24,13,22,27,7,12,28,26,29,9,28,30,27,6,28,29,30,Cleveland Cavaliers,82,19,63,0.232,3951.0,105.0,106.8,115.1,116.8,-10.1,-10.0,0.532,1.54,15.6,0.282,0.732,0.496,0.138,0.503,0.54,98.9,97.37,81.14,8021,0.436,1,28,28,28,24,25,30,30,29,27,29,10,11,21,13,29,29,29,30,75.60975609756098
DAL,18565,11.199855666342426,4.160923684402147,2.4065841007956355,-0.6396085112530113,Dallas Mavericks,1610612742,Dallas Mavericks,82,33,49,0.402,48.2,38.8,86.9,0.447,12.5,36.6,0.34,18.8,25.3,0.742,10.1,35.2,45.3,23.4,14.2,6.5,4.3,4.5,20.1,23.2,108.9,-1.3,1,22,22,22,18,28,28,27,7,4,27,7,5,25,16,14,16,22,20,29,26,6,8,2,21,20,Dallas Mavericks,82,33,49,0.402,3956.0,106.6,108.7,108.3,110.1,-1.7,-1.5,0.603,1.64,17.0,0.273,0.734,0.503,0.142,0.519,0.555,101.4,99.6,83.0,8216,0.492,1,22,22,22,18,20,18,21,13,21,21,13,10,12,21,19,16,19,20,93.90243902439023
DEN,19421,11.079413854029406,4.427756212559604,2.6683941241828237,1.7141290029458445,Denver Nuggets,1610612743,Denver Nuggets,82,54,28,0.659,48.1,41.9,90.0,0.466,11.0,31.4,0.351,15.8,20.9,0.755,11.9,34.5,46.4,27.4,13.4,7.7,4.4,5.0,20.0,20.4,110.7,4.0,1,4,4,4,27,12,11,13,18,16,17,27,25,20,2,17,8,2,8,13,24,14,7,20,20,8,Denver Nuggets,82,54,28,0.659,3946.0,109.8,112.1,106.8,108.1,3.0,4.0,0.653,2.04,19.3,0.308,0.744,0.524,0.136,0.527,0.558,100.1,98.49,82.08,8096,0.524,1,4,4,4,27,7,10,8,2,3,2,1,5,2,11,15,14,26,8,100.0
DET,17084,11.429013289080611,4.375752858013023,2.2630562277460027,0.4913566672056366,Detroit Pistons,1610612765,Detroit Pistons,82,41,41,0.5,48.4,38.8,88.3,0.44,12.1,34.8,0.348,17.3,23.1,0.747,11.4,33.6,45.0,22.5,13.8,6.9,4.0,5.1,22.1,21.3,107.0,-0.2,1,16,16,16,7,27,19,29,9,6,23,19,17,23,5,24,18,26,11,22,29,17,26,11,25,17,Detroit Pistons,82,41,41,0.5,3971.0,106.1,108.4,106.9,108.7,-0.7,-0.3,0.579,1.63,16.5,0.291,0.745,0.509,0.14,0.509,0.544,99.7,97.88,81.57,8101,0.482,1,16,16,16,7,21,12,16,23,23,25,5,4,8,18,26,26,28,25,12.195121951219512
GSW,16171,12.612298975599895,4.889087924569008,3.2897884095067953,4.233208398916508,Golden State Warriors,1610612744,Golden State Warriors,82,57,25,0.695,48.3,44.0,89.8,0.491,13.3,34.4,0.385,16.3,20.4,0.801,9.7,36.5,46.2,29.4,14.3,7.6,6.4,3.6,21.4,19.5,117.7,6.5,1,3,3,3,15,1,13,1,3,8,3,23,28,5,21,3,11,1,21,15,1,1,22,27,2,2,Golden State Warriors,82,57,25,0.695,3961.0,113.9,115.0,106.5,108.6,7.5,6.5,0.668,2.06,20.4,0.257,0.727,0.505,0.139,0.565,0.596,103.2,101.74,84.78,8390,0.546,1,3,3,3,15,1,11,2,1,1,1,23,17,10,16,1,1,10,2,29.268292682926827
HOU,17999,12.458281444146715,4.58990046665292,2.154334957357409,1.8411128463194248,Houston Rockets,1610612745,Houston Rockets,82,53,29,0.646,48.4,39.2,87.4,0.449,16.1,45.4,0.356,19.3,24.4,0.791,10.2,31.9,42.1,21.2,13.3,8.5,4.9,4.5,22.0,20.0,113.9,4.8,1,5,5,5,11,25,26,24,1,1,12,3,7,9,14,29,28,28,6,5,18,8,25,24,11,5,Houston Rockets,82,53,29,0.646,3966.0,112.5,114.9,107.9,110.1,4.6,4.8,0.541,1.59,15.9,0.269,0.7,0.481,0.135,0.542,0.581,100.4,98.39,81.99,8130,0.498,1,5,5,5,11,2,17,5,28,24,28,16,29,28,9,4,3,27,17,100.0
IND,17844,12.297655204372289,4.628879779938365,2.971309757504898,1.6229930575347402,Indiana Pacers,1610612754,Indiana Pacers,82,48,34,0.585,48.1,41.3,87.0,0.475,9.5,25.4,0.374,15.8,21.1,0.752,9.3,33.7,43.0,26.0,13.7,8.7,4.9,5.2,19.4,20.0,108.0,3.3,1,11,11,11,30,16,27,4,29,29,5,26,23,22,25,23,24,9,10,3,20,21,4,23,22,10,Indiana Pacers,82,48,34,0.585,3941.0,107.3,109.4,104.2,106.0,3.1,3.4,0.628,1.9,18.9,0.269,0.722,0.499,0.139,0.53,0.561,100.4,98.64,82.2,8097,0.527,1,11,11,11,30,18,3,9,7,8,3,15,22,18,15,10,13,25,7,82.92682926829268
LAL,18473,10.55390524137157,4.854100375543777,2.607019827326636,-0.36493969428334017,Los Angeles Lakers,1610612747,Los Angeles Lakers,82,37,45,0.451,48.2,42.6,90.5,0.47,10.3,31.0,0.333,16.3,23.3,0.699,10.2,36.4,46.6,25.6,15.7,7.5,5.4,5.1,20.7,20.8,111.8,-1.7,1,20,20,20,18,6,8,9,20,17,29,24,14,29,15,4,6,11,29,16,8,20,13,15,16,23,Los Angeles Lakers,82,37,45,0.451,3956.0,105.2,107.4,107.3,108.9,-2.1,-1.6,0.6,1.63,17.8,0.27,0.725,0.502,0.15,0.527,0.554,105.5,103.6,86.33,8534,0.495,1,20,20,20,18,24,13,22,16,22,14,14,19,14,28,14,18,4,19,95.1219512195122
MEM,16768,11.361855496249973,4.510850841441942,2.4238021737418136,-0.5686202036259327,Memphis Grizzlies,1610612763,Memphis Grizzlies,82,33,49,0.402,48.5,38.0,84.4,0.45,9.9,28.9,0.342,17.7,23.0,0.772,8.8,33.0,41.8,23.9,14.0,8.3,5.5,4.9,22.0,21.4,103.5,-2.6,1,22,22,22,4,30,30,23,27,25,25,15,18,15,29,26,29,19,15,6,4,13,24,9,30,24,Memphis Grizzlies,82,33,49,0.402,3976.0,103.8,105.6,106.2,108.0,-2.4,-2.4,0.631,1.71,17.9,0.247,0.724,0.484,0.143,0.508,0.548,98.8,97.15,80.96,8038,0.49,1,22,22,22,4,27,9,24,6,16,13,27,20,26,23,27,24,30,22,82.92682926829268
MIA,19446,10.972468836361,4.420781844926495,2.568175109354676,-0.31299704723799765,Miami Heat,1610612748,Miami Heat,82,39,43,0.476,48.1,39.6,88.0,0.45,11.3,32.4,0.349,15.1,21.7,0.695,11.2,35.1,46.3,24.3,14.7,7.6,5.5,4.7,20.9,20.1,105.7,-0.2,1,17,17,17,27,24,21,22,15,14,21,29,22,30,7,15,10,17,23,14,4,11,15,22,26,16,Miami Heat,82,39,43,0.476,3946.0,104.6,106.7,105.1,107.1,-0.6,-0.4,0.612,1.65,17.6,0.291,0.731,0.509,0.149,0.515,0.542,100.7,98.73,82.28,8122,0.501,1,17,17,17,27,26,7,17,12,20,17,6,13,6,26,21,27,23,14,26.82926829268293
MIL,18800,10.813962107378362,4.576250551439519,2.465940165454989,4.104905688841559,Milwaukee Bucks,1610612749,Milwaukee Bucks,82,60,22,0.732,48.2,43.4,91.1,0.476,13.5,38.2,0.353,17.9,23.2,0.773,9.3,40.4,49.7,26.0,13.9,7.5,5.9,4.8,19.6,20.2,118.1,8.9,1,1,1,1,18,3,6,3,2,2,15,12,15,14,25,1,1,7,13,17,2,12,5,21,1,1,Milwaukee Bucks,82,60,22,0.732,3956.0,111.5,113.5,103.0,104.9,8.5,8.6,0.601,1.88,18.3,0.25,0.757,0.516,0.133,0.55,0.583,105.4,103.57,86.31,8533,0.553,1,1,1,1,18,4,1,1,15,10,10,26,2,5,7,2,2,5,1,91.46341463414635
MIN,18131,11.968829177888692,4.353888356061143,2.745393577827099,-0.6890756245539255,Minnesota Timberwolves,1610612750,Minnesota Timberwolves,82,36,46,0.439,48.4,41.6,91.3,0.456,10.1,28.7,0.351,19.1,24.3,0.787,11.3,33.5,44.8,24.6,13.1,8.3,5.0,5.5,20.3,21.9,112.5,-1.5,1,21,21,21,11,13,5,17,23,26,20,4,8,10,6,25,19,15,4,7,17,25,10,8,13,22,Minnesota Timberwolves,82,36,46,0.439,3966.0,108.4,110.6,110.2,112.2,-1.9,-1.6,0.591,1.88,17.4,0.292,0.709,0.497,0.129,0.511,0.552,102.8,100.88,84.07,8341,0.498,1,21,21,21,11,13,24,23,19,9,18,4,27,19,5,25,22,13,15,30.48780487804878
NOP,18017,12.236492595566265,5.026772125516216,2.791254395468958,-0.601774804260599,New Orleans Pelicans,1610612740,New Orleans Pelicans,82,33,49,0.402,48.2,43.7,92.2,0.473,10.3,29.9,0.344,17.8,23.4,0.761,11.1,36.2,47.3,27.0,14.8,7.4,5.4,5.4,21.1,21.0,115.4,-1.3,1,22,22,22,24,2,3,6,22,21,24,13,11,18,8,6,5,3,24,18,7,23,19,13,3,21,New Orleans Pelicans,82,33,49,0.402,3951.0,108.6,110.7,110.4,112.0,-1.8,-1.3,0.619,1.82,18.6,0.285,0.729,0.509,0.142,0.529,0.563,105.6,103.89,86.58,8553,0.498,1,22,22,22,24,12,22,20,11,12,7,7,14,9,22,11,12,2,16,92.6829268292683
NYK,18932,10.263993691224853,4.176248152106104,2.294693366539637,-4.390776128582168,New York Knicks,1610612752,New York Knicks,82,17,65,0.207,48.2,38.2,88.3,0.433,10.0,29.5,0.34,18.1,23.9,0.759,10.5,34.3,44.7,20.1,14.0,6.8,5.1,5.6,20.9,20.8,104.6,-9.2,1,30,30,30,18,29,18,30,24,22,28,11,10,19,13,20,20,30,17,24,13,26,16,14,28,28,New York Knicks,82,17,65,0.207,3956.0,102.1,104.0,110.9,112.9,-8.8,-8.9,0.525,1.43,14.9,0.264,0.717,0.486,0.14,0.49,0.529,102.0,100.16,83.46,8244,0.442,1,30,30,30,18,30,26,28,30,30,30,20,25,25,17,30,30,17,29,100.0
OKC,15977,14.088481310260345,5.5954418192623905,2.98818808527079,2.9685069743115085,Oklahoma City Thunder,1610612760,Oklahoma City Thunder,82,49,33,0.598,48.4,42.6,94.0,0.454,11.4,32.6,0.348,17.8,25.0,0.713,12.6,35.5,48.1,23.4,14.0,9.3,5.2,5.1,22.4,22.5,114.5,3.4,1,9,9,9,7,5,1,19,13,13,22,14,6,28,1,11,2,23,14,1,12,16,27,3,7,9,Oklahoma City Thunder,82,49,33,0.598,3971.0,107.6,109.8,104.7,106.5,2.9,3.4,0.548,1.67,16.3,0.298,0.738,0.509,0.134,0.514,0.545,105.3,103.38,86.15,8549,0.506,1,9,9,9,7,16,4,10,26,17,27,3,9,7,8,22,25,6,12,81.70731707317073
ORL,18122,10.546269364737698,4.588437217468324,2.7346290232940977,0.2568168123335914,Orlando Magic,1610612753,Orlando Magic,82,42,40,0.512,48.2,40.4,89.1,0.454,11.4,32.1,0.356,15.0,19.2,0.782,10.0,35.4,45.4,25.5,13.2,6.6,5.4,4.4,18.6,18.7,107.3,0.7,1,14,14,14,18,18,15,18,12,15,11,30,30,12,17,13,15,12,5,26,6,5,2,29,24,14,Orlando Magic,82,42,40,0.512,3956.0,106.5,108.2,105.8,107.6,0.8,0.6,0.632,1.94,18.6,0.259,0.754,0.504,0.133,0.518,0.55,100.3,98.65,82.21,8133,0.508,1,14,14,14,18,22,8,14,5,5,6,22,3,11,6,20,23,24,11,85.36585365853658
PHI,17066,11.721331188418965,4.851055879415298,2.4720029327004163,1.3169117653730438,Philadelphia 76ers,1610612755,Philadelphia 76ers,82,51,31,0.622,48.3,41.5,88.2,0.471,10.8,30.2,0.359,21.2,27.5,0.771,10.9,36.9,47.8,26.9,14.9,7.4,5.3,4.1,21.3,22.1,115.2,2.7,1,7,7,7,15,14,20,8,19,19,8,2,2,16,11,2,4,4,25,19,11,4,20,6,4,11,Philadelphia 76ers,82,51,31,0.622,3961.0,110.4,111.6,107.1,109.0,3.3,2.6,0.648,1.8,18.7,0.278,0.741,0.517,0.144,0.532,0.574,104.0,102.59,85.49,8467,0.529,1,7,7,7,15,8,14,11,3,14,5,11,7,4,24,8,6,8,6,41.46341463414634
PHX,18609,10.77347853082421,4.045769591158483,2.611076604781577,-5.126562817806934,Phoenix Suns,1610612756,Phoenix Suns,82,19,63,0.232,48.5,40.1,87.4,0.459,9.6,29.3,0.329,17.6,22.7,0.779,9.1,31.3,40.4,23.9,15.6,9.0,5.1,5.0,23.6,20.7,107.5,-9.3,1,28,28,28,4,22,25,16,28,23,30,17,20,13,28,30,30,20,28,2,15,15,29,17,23,29,Phoenix Suns,82,19,63,0.232,3976.0,103.6,105.3,112.2,114.2,-8.6,-8.9,0.595,1.53,17.3,0.247,0.683,0.464,0.153,0.514,0.552,102.9,101.15,84.3,8371,0.45,1,28,28,28,4,28,29,29,17,28,19,28,30,30,29,23,21,12,28,47.5609756097561
POR,18418,11.423462398432237,4.711800377321772,2.1745711209186567,2.286930681429052,Portland Trail Blazers,1610612757,Portland Trail Blazers,82,53,29,0.646,48.4,42.3,90.6,0.467,11.0,30.7,0.359,19.0,23.3,0.814,11.8,36.2,48.0,23.0,13.8,6.7,5.0,5.1,20.4,20.7,114.7,4.2,1,5,5,5,7,7,7,12,17,18,9,5,13,2,3,7,3,25,11,25,16,18,11,16,6,7,Portland Trail Blazers,82,53,29,0.646,3971.0,111.4,113.7,108.1,109.5,3.3,4.2,0.544,1.66,16.6,0.308,0.739,0.526,0.137,0.528,0.568,101.6,99.96,83.3,8269,0.521,1,5,5,5,7,3,16,7,27,18,24,2,8,1,12,13,9,18,9,76.82926829268293
SAC,17207,11.774460248636217,4.518739956498813,2.429362915897274,-0.45389985764264673,Sacramento Kings,1610612758,Sacramento Kings,82,39,43,0.476,48.1,43.2,93.1,0.464,11.3,29.9,0.378,16.5,22.7,0.726,11.0,34.4,45.4,25.4,13.4,8.3,4.4,5.1,21.4,21.4,114.2,-1.1,1,17,17,17,27,4,2,15,16,20,4,21,19,27,9,19,14,14,7,10,24,18,21,10,9,19,Sacramento Kings,82,39,43,0.476,3946.0,108.3,109.6,108.7,110.8,-0.4,-1.2,0.588,1.9,17.7,0.268,0.713,0.487,0.128,0.524,0.554,105.5,103.88,86.56,8545,0.495,1,17,17,17,27,17,21,18,20,7,15,18,26,24,4,16,20,3,18,100.0
SAS,17876,12.4226899581178,4.680242393650216,2.7159295742125398,1.456763894489935,San Antonio Spurs,1610612759,San Antonio Spurs,82,48,34,0.585,48.3,42.3,88.4,0.478,9.9,25.3,0.392,17.2,21.0,0.819,9.2,35.5,44.7,24.5,12.1,6.1,4.7,4.0,18.1,19.6,111.7,1.7,1,11,11,11,15,8,17,2,26,30,1,20,24,1,27,12,21,16,1,30,21,3,1,25,18,12,San Antonio Spurs,82,48,34,0.585,3961.0,111.1,112.2,108.3,110.6,2.8,1.6,0.58,2.03,18.1,0.246,0.744,0.501,0.122,0.534,0.572,100.4,98.88,82.4,8162,0.516,1,11,11,11,15,6,20,12,22,4,12,29,6,16,1,6,8,22,10,64.63414634146342
TOR,17807,12.117228459081138,4.8253940948449525,2.8576295699459724,3.633647400863581,Toronto Raptors,1610612761,Toronto Raptors,82,58,24,0.707,48.5,42.2,89.1,0.474,12.4,33.8,0.366,17.7,22.0,0.804,9.6,35.6,45.2,25.4,14.0,8.3,5.3,4.5,21.0,20.5,114.4,6.1,1,2,2,2,4,9,16,5,8,11,6,16,21,3,24,9,17,13,16,9,9,6,17,19,8,3,Toronto Raptors,82,58,24,0.707,3976.0,110.9,112.6,104.3,106.8,6.5,5.8,0.603,1.81,18.2,0.265,0.726,0.502,0.138,0.543,0.579,102.5,100.51,83.76,8334,0.533,1,2,2,2,4,5,5,3,14,13,11,19,18,13,14,3,4,15,4,67.07317073170732
UTA,17278,11.769820438185517,4.586794429627247,2.733308290274958,2.8881852862577584,Utah Jazz,1610612762,Utah Jazz,82,50,32,0.61,48.2,40.4,86.4,0.468,12.1,34.0,0.356,18.8,25.5,0.736,10.0,36.4,46.4,26.0,15.1,8.1,5.9,4.6,21.1,22.4,111.7,5.3,1,8,8,8,24,19,29,10,9,9,10,8,3,26,18,5,9,8,27,12,3,9,18,4,17,4,Utah Jazz,82,50,32,0.61,3951.0,108.8,110.3,103.2,105.3,5.5,5.0,0.644,1.72,18.5,0.275,0.759,0.522,0.149,0.538,0.572,102.5,100.84,84.03,8308,0.539,1,8,8,8,24,14,2,4,4,15,8,12,1,3,27,5,7,14,3,50.0
WAS,17903,12.660426732375011,4.9721099377211475,2.6748591891901383,-1.986862509274401,Washington Wizards,1610612764,Washington Wizards,82,32,50,0.39,48.6,42.1,90.1,0.468,11.3,33.3,0.341,18.4,23.9,0.768,9.7,32.7,42.4,26.3,14.1,8.3,4.6,4.6,20.7,21.2,114.0,-2.9,1,25,25,25,2,10,10,11,14,12,26,10,9,17,23,27,27,6,18,7,23,10,13,12,10,25,Washington Wizards,82,32,50,0.39,3986.0,108.6,110.2,111.3,112.9,-2.7,-2.7,0.623,1.87,18.4,0.252,0.706,0.477,0.136,0.531,0.567,103.7,102.23,85.19,8486,0.487,1,25,25,25,2,15,27,25,10,11,9,25,28,29,10,9,11,9,23,65.85365853658537
