TEAM_ABBREVIATION,MIN,PTS_x,REB_x,AST_x,PLUS_MINUS_x,Team_Full_Name,TEAM_ID,TEAM_NAME_base,GP_base,W_base,L_base,W_PCT_base,MIN_base,FGM,FGA,FG_PCT,FG3M,FG3A,FG3_PCT,FTM,FTA,FT_PCT,OREB,DREB,REB_y,AST_y,TOV,STL,BLK,BLKA,PF,PFD,PTS_y,PLUS_MINUS_y,GP_RANK_base,W_RANK_base,L_RANK_base,W_PCT_RANK_base,MIN_RANK_base,FGM_RANK,FGA_RANK,FG_PCT_RANK,FG3M_RANK,FG3A_RANK,FG3_PCT_RANK,FTM_RANK,FTA_RANK,FT_PCT_RANK,OREB_RANK,DREB_RANK,REB_RANK,AST_RANK,TOV_RANK,STL_RANK,BLK_RANK,BLKA_RANK,PF_RANK,PFD_RANK,PTS_RANK,PLUS_MINUS_RANK,TEAM_NAME_advanced,GP_advanced,W_advanced,L_advanced,W_PCT_advanced,MIN_advanced,E_OFF_RATING,OFF_RATING,E_DEF_RATING,DEF_RATING,E_NET_RATING,NET_RATING,AST_PCT,AST_TO,AST_RATIO,OREB_PCT,DREB_PCT,REB_PCT,TM_TOV_PCT,EFG_PCT,TS_PCT,E_PACE,PACE,PACE_PER40,POSS,PIE,GP_RANK_advanced,W_RANK_advanced,L_RANK_advanced,W_PCT_RANK_advanced,MIN_RANK_advanced,OFF_RATING_RANK,DEF_RATING_RANK,NET_RATING_RANK,AST_PCT_RANK,AST_TO_RANK,AST_RATIO_RANK,OREB_PCT_RANK,DREB_PCT_RANK,REB_PCT_RANK,TM_TOV_PCT_RANK,EFG_PCT_RANK,TS_PCT_RANK,PACE_RANK,PIE_RANK,Major_Injury_Percent
ATL,13467,11.858825793749341,4.867675611947798,2.413390145035423,-3.980326672339381,Atlanta Hawks,1610612737,Atlanta Hawks,67,20,47,0.299,48.6,40.6,90.6,0.449,12.0,36.1,0.333,18.5,23.4,0.79,9.9,33.4,43.3,24.0,16.2,7.8,5.1,6.4,23.1,21.0,111.8,-8.0,23,26,28,27,4,17,7,23,16,8,30,12,15,10,19,23,22,17,28,13,12,30,30,13,17,29,Atlanta Hawks,67,20,47,0.299,3256.0,104.3,107.0,112.3,114.4,-8.0,-7.4,0.589,1.48,16.9,0.267,0.708,0.484,0.155,0.515,0.554,105.6,103.28,86.06,6999,0.454,23,26,28,27,23,25,28,28,19,28,22,15,29,26,28,25,23,7,29,62.68656716417911
BKN,15165,11.837592803654207,4.66901939781907,2.6102982726544233,-0.4322940491635366,Brooklyn Nets,1610612751,Brooklyn Nets,72,35,37,0.486,48.6,40.4,90.3,0.448,13.1,38.1,0.343,17.9,24.1,0.745,10.6,37.3,47.9,24.5,15.3,6.4,4.5,5.3,21.0,21.1,111.8,-0.6,11,14,14,14,5,19,10,24,9,5,26,15,9,25,9,2,2,15,24,27,23,21,16,10,16,15,Brooklyn Nets,72,35,37,0.486,3496.0,106.0,108.7,107.1,109.2,-1.1,-0.5,0.606,1.6,17.3,0.28,0.736,0.511,0.148,0.52,0.554,104.0,101.7,84.75,7404,0.5,11,14,14,14,11,22,10,15,13,21,19,9,12,9,21,23,22,10,16,77.77777777777779
BOS,14572,13.58439518769301,5.140636596655798,2.7769954875054106,4.184086392341605,Boston Celtics,1610612738,Boston Celtics,72,48,24,0.667,48.4,41.3,89.6,0.461,12.6,34.5,0.364,18.6,23.2,0.801,10.7,35.4,46.1,23.0,13.8,8.3,5.6,5.5,21.6,20.7,113.7,6.3,11,5,5,5,10,12,11,17,12,13,13,11,18,5,6,11,8,25,8,6,5,25,20,15,9,3,Boston Celtics,72,48,24,0.667,3486.0,110.4,112.8,104.5,106.5,6.0,6.3,0.557,1.66,16.7,0.283,0.731,0.509,0.137,0.531,0.57,101.9,99.92,83.27,7255,0.531,11,5,5,5,13,4,4,3,26,15,25,5,16,12,8,17,13,17,4,48.61111111111111
CHA,15195,9.450241113327523,4.134537150449722,2.2613830809654343,-3.145879023190823,Charlotte Hornets,1610612766,Charlotte Hornets,65,23,42,0.354,48.5,37.3,85.9,0.434,12.1,34.3,0.352,16.2,21.6,0.748,11.0,31.8,42.8,23.8,14.6,6.6,4.1,5.0,18.8,20.6,102.9,-6.8,26,23,21,22,9,30,26,30,15,14,19,26,25,24,3,29,26,19,14,26,25,20,3,16,30,27,Charlotte Hornets,65,23,42,0.354,3150.0,103.9,105.9,110.6,112.8,-6.8,-7.0,0.639,1.63,17.7,0.28,0.706,0.486,0.15,0.504,0.539,98.1,96.24,80.2,6317,0.455,26,23,21,22,26,28,25,27,4,18,15,8,30,25,24,28,29,30,28,78.46153846153847
CHI,13987,10.527090851030017,4.388526830588492,2.1869785825340258,-1.752288830408597,Chicago Bulls,1610612741,Chicago Bulls,65,22,43,0.338,48.2,39.6,88.6,0.447,12.2,35.1,0.348,15.5,20.5,0.755,10.5,31.4,41.9,23.2,15.5,10.0,4.1,5.9,21.8,19.2,106.8,-3.1,26,24,23,24,21,25,16,26,14,11,22,28,27,21,13,30,29,23,27,1,26,28,24,29,27,22,Chicago Bulls,65,22,43,0.338,3135.0,104.1,105.8,107.7,108.9,-3.6,-3.1,0.587,1.5,16.9,0.267,0.719,0.481,0.153,0.515,0.547,101.9,100.46,83.71,6563,0.466,26,24,23,24,29,29,9,22,20,26,21,14,23,28,26,24,26,16,25,93.84615384615384
CLE,13307,13.150661851882777,5.480387622497777,2.4403489116623325,-5.2481659604097235,Cleveland Cavaliers,1610612739,Cleveland Cavaliers,65,19,46,0.292,48.4,40.3,87.9,0.458,11.2,31.8,0.351,15.1,19.9,0.758,10.8,33.4,44.2,23.1,16.5,6.9,3.2,6.3,18.3,19.6,106.9,-7.9,26,28,26,29,13,20,24,19,21,20,20,29,29,20,4,22,19,24,30,25,30,29,1,26,26,28,Cleveland Cavaliers,65,19,46,0.292,3145.0,104.4,106.9,113.6,114.8,-9.2,-7.9,0.573,1.4,16.8,0.296,0.738,0.512,0.165,0.522,0.553,100.9,99.17,82.65,6497,0.453,26,28,26,29,27,26,30,29,23,30,23,2,9,7,30,22,24,23,30,93.84615384615384
DAL,16884,12.145002882769298,4.440094722508484,2.816568883760823,2.3762474837444465,Dallas Mavericks,1610612742,Dallas Mavericks,75,43,32,0.573,48.5,41.7,90.3,0.461,15.1,41.3,0.367,18.6,23.8,0.779,10.5,36.4,46.9,24.7,12.7,6.1,4.8,4.1,19.5,21.3,117.0,4.9,1,12,13,13,8,9,9,16,2,2,10,10,11,14,11,4,4,14,2,29,16,5,6,9,3,6,Dallas Mavericks,75,43,32,0.573,3635.0,113.7,115.9,109.5,111.2,4.2,4.8,0.592,1.94,17.7,0.275,0.74,0.509,0.126,0.545,0.581,101.7,99.89,83.24,7569,0.521,1,12,13,13,1,1,18,6,17,4,14,12,8,10,3,4,4,18,8,86.66666666666667
DEN,16488,11.48425747129821,4.463708506050763,2.662876531213651,1.3663200867920582,Denver Nuggets,1610612743,Denver Nuggets,73,46,27,0.63,48.6,42.0,88.9,0.473,11.0,30.6,0.359,16.2,20.9,0.777,10.8,33.4,44.1,26.7,13.8,8.0,4.6,4.4,20.3,20.5,111.3,2.1,3,6,6,6,2,8,15,4,24,26,15,25,26,16,5,24,20,4,7,9,19,8,11,17,19,11,Denver Nuggets,73,46,27,0.63,3549.0,110.1,112.6,108.6,110.4,1.5,2.2,0.636,1.94,19.1,0.294,0.725,0.509,0.139,0.535,0.567,99.5,97.64,81.37,7217,0.517,3,6,6,6,3,5,16,11,5,3,2,3,20,11,9,10,15,29,11,100.0
DET,14593,11.931600593496624,4.255076714742307,2.6968980047799183,-1.809760076169034,Detroit Pistons,1610612765,Detroit Pistons,66,20,46,0.303,48.4,39.3,85.7,0.459,12.0,32.7,0.367,16.6,22.4,0.743,9.8,32.0,41.7,24.1,15.3,7.4,4.5,5.6,19.7,19.8,107.2,-3.6,24,26,26,26,15,28,27,18,18,17,11,22,22,26,21,27,30,16,25,21,22,27,8,24,25,23,Detroit Pistons,66,20,46,0.303,3193.0,106.1,108.8,110.4,112.3,-4.3,-3.5,0.612,1.58,17.7,0.277,0.717,0.493,0.155,0.529,0.561,99.9,97.86,81.55,6507,0.473,24,26,26,26,24,20,22,23,11,23,13,11,25,19,27,19,20,28,23,100.0
GSW,15206,11.676711538393738,4.404201600655075,2.845784090509455,-4.534541073904889,Golden State Warriors,1610612744,Golden State Warriors,65,15,50,0.231,48.4,38.6,88.2,0.438,10.4,31.3,0.334,18.7,23.2,0.803,10.0,32.9,42.8,25.6,14.9,8.2,4.6,4.9,20.1,20.1,106.3,-8.7,26,30,30,30,13,29,21,29,28,25,29,9,16,4,18,26,24,9,19,7,20,17,10,21,28,30,Golden State Warriors,65,15,50,0.231,3145.0,102.9,104.4,110.9,113.0,-8.0,-8.6,0.663,1.72,18.2,0.255,0.722,0.481,0.146,0.497,0.54,102.7,101.04,84.2,6623,0.462,26,30,30,30,27,30,26,30,1,11,8,25,21,27,19,30,28,15,26,92.3076923076923
HOU,15709,14.18654648907302,5.400192376798142,2.4906482797547875,1.638166148253339,Houston Rockets,1610612745,Houston Rockets,72,44,28,0.611,48.3,40.8,90.4,0.451,15.6,45.3,0.345,20.6,26.1,0.791,9.8,34.5,44.3,21.6,14.7,8.7,5.2,4.9,21.8,21.0,117.8,3.0,11,8,7,8,17,16,8,22,1,1,24,2,2,8,20,16,18,29,15,3,10,15,23,12,2,7,Houston Rockets,72,44,28,0.611,3476.0,110.3,112.5,107.4,109.8,2.9,2.7,0.53,1.47,15.5,0.249,0.713,0.48,0.14,0.537,0.578,106.3,104.04,86.7,7539,0.494,11,8,7,8,16,6,15,8,29,29,29,26,26,29,10,7,5,2,19,6.944444444444445
IND,15816,12.851122975851478,4.713377213513274,3.05422810556658,1.0370397213191944,Indiana Pacers,1610612754,Indiana Pacers,73,45,28,0.616,48.3,42.1,88.5,0.476,10.2,28.0,0.363,15.0,19.1,0.787,8.7,34.1,42.8,25.9,13.2,7.4,5.2,4.6,19.8,18.8,109.4,2.0,3,7,7,7,20,7,18,2,29,30,14,30,30,12,28,20,25,7,5,20,11,11,9,30,23,13,Indiana Pacers,73,45,28,0.616,3524.0,107.9,109.5,105.1,107.5,2.9,1.9,0.614,1.95,18.9,0.243,0.718,0.487,0.132,0.534,0.565,101.3,99.41,82.84,7299,0.52,3,7,7,7,5,19,6,13,10,2,3,27,24,24,5,12,18,22,9,76.71232876712328
LAL,15356,11.706470155615305,4.468353368998698,2.68556775509174,3.15135248441767,Los Angeles Lakers,1610612747,Los Angeles Lakers,71,52,19,0.732,48.1,42.3,88.3,0.48,11.0,31.6,0.349,17.7,24.3,0.729,10.7,35.1,45.7,25.4,15.2,8.6,6.6,3.7,20.7,21.7,113.4,5.8,21,3,2,3,28,4,20,1,23,23,21,17,8,28,7,13,9,10,22,5,1,1,14,5,11,5,Los Angeles Lakers,71,52,19,0.732,3418.0,109.6,111.7,103.8,106.1,5.8,5.6,0.6,1.67,18.0,0.283,0.737,0.512,0.149,0.542,0.573,103.3,101.2,84.33,7211,0.539,21,3,2,3,22,11,3,5,15,14,10,6,11,6,23,5,9,11,2,19.718309859154928
MEM,16572,10.322607814780625,4.37120908489711,2.3600711016000377,-0.33375407497365395,Memphis Grizzlies,1610612763,Memphis Grizzlies,73,34,39,0.466,48.1,42.5,90.9,0.468,10.9,31.5,0.347,16.6,21.8,0.763,10.3,36.2,46.5,26.9,15.2,7.9,5.5,5.3,21.2,20.2,112.6,-1.1,3,16,15,16,29,3,6,7,25,24,23,23,24,19,14,5,5,2,23,12,7,22,18,20,14,17,Memphis Grizzlies,73,34,39,0.466,3514.0,106.9,108.7,107.5,109.7,-0.6,-1.0,0.633,1.77,18.7,0.271,0.733,0.506,0.147,0.528,0.561,105.3,103.31,86.1,7562,0.507,3,16,15,16,9,21,14,17,6,9,5,13,15,14,20,20,21,6,14,89.04109589041096
MIA,17170,11.058479210116436,4.5763166867068445,2.663791590471294,1.4527696742622098,Miami Heat,1610612748,Miami Heat,73,44,29,0.603,48.6,39.5,84.4,0.468,13.4,35.4,0.379,19.7,25.2,0.783,8.5,35.9,44.4,25.9,14.9,7.5,4.5,4.1,20.6,21.7,112.0,2.9,3,8,11,11,2,26,30,10,6,9,2,5,4,13,29,6,17,5,18,18,21,4,13,7,15,8,Miami Heat,73,44,29,0.603,3549.0,110.0,111.9,107.2,109.3,2.8,2.7,0.657,1.74,18.8,0.257,0.753,0.512,0.149,0.547,0.587,100.5,98.7,82.25,7306,0.525,3,8,11,11,3,7,12,7,3,10,4,23,3,5,22,3,1,27,6,71.23287671232876
MIL,15169,11.44463439001695,4.976765272571367,2.5589401250091193,5.2959911628005045,Milwaukee Bucks,1610612749,Milwaukee Bucks,73,56,17,0.767,48.2,43.3,90.9,0.476,13.8,38.9,0.355,18.3,24.7,0.742,9.5,42.2,51.7,25.9,15.1,7.2,5.9,4.5,19.6,21.7,118.7,10.1,3,1,1,1,24,1,4,3,4,4,18,14,6,27,25,1,1,6,20,23,3,9,7,6,1,1,Milwaukee Bucks,73,56,17,0.767,3519.0,110.5,111.9,100.6,102.5,9.9,9.4,0.598,1.71,18.0,0.241,0.775,0.524,0.142,0.552,0.583,107.2,105.51,87.93,7739,0.562,3,1,1,1,6,8,1,1,16,12,11,28,1,1,13,1,3,1,1,54.794520547945204
MIN,14700,12.282785550467157,4.438325570554931,2.6208342344510975,-2.372432192678219,Minnesota Timberwolves,1610612750,Minnesota Timberwolves,64,19,45,0.297,48.6,40.4,91.6,0.441,13.3,39.7,0.336,19.1,25.4,0.753,10.5,34.3,44.8,23.8,15.3,8.7,5.7,5.5,21.4,21.6,113.3,-4.3,30,28,24,28,1,18,1,28,8,3,28,7,3,23,10,18,14,20,26,4,4,26,19,8,12,24,Minnesota Timberwolves,64,19,45,0.297,3112.0,105.3,107.6,110.0,111.6,-4.7,-4.0,0.59,1.55,16.7,0.264,0.731,0.488,0.146,0.514,0.551,105.9,103.94,86.62,6736,0.472,30,28,24,28,30,24,20,24,18,24,26,18,17,23,18,26,25,3,24,95.3125
NOP,15958,11.809362109932627,4.809927573822839,2.574166224930921,-0.5033943780203226,New Orleans Pelicans,1610612740,New Orleans Pelicans,72,30,42,0.417,48.4,42.6,91.6,0.465,13.6,36.9,0.37,17.1,23.4,0.729,11.1,35.4,46.5,26.8,16.4,7.5,5.0,4.8,21.2,21.1,115.8,-1.3,11,21,21,21,10,2,2,13,5,7,7,20,14,29,2,10,6,3,29,19,13,14,17,11,5,20,New Orleans Pelicans,72,30,42,0.417,3486.0,108.0,110.5,109.4,111.8,-1.4,-1.3,0.63,1.64,18.4,0.287,0.729,0.508,0.156,0.539,0.568,106.3,103.89,86.57,7548,0.495,11,21,21,21,13,15,21,20,7,17,7,4,18,13,29,6,14,4,18,37.5
NYK,15518,9.583135246164678,4.135850678568292,2.1052812440388626,-2.9584813625311264,New York Knicks,1610612752,New York Knicks,66,21,45,0.318,48.4,40.0,89.3,0.447,9.6,28.4,0.337,16.3,23.5,0.694,12.0,34.5,46.5,22.1,14.3,7.6,4.7,5.0,22.2,19.8,105.8,-6.5,24,25,24,25,15,24,13,25,30,29,27,24,12,30,1,17,6,27,11,17,17,19,28,25,29,26,New York Knicks,66,21,45,0.318,3193.0,103.8,105.9,110.6,112.4,-6.8,-6.5,0.552,1.54,16.0,0.3,0.742,0.513,0.143,0.501,0.531,100.9,99.11,82.59,6594,0.461,24,25,24,25,24,27,23,26,27,25,28,1,7,4,14,29,30,25,27,63.63636363636363
OKC,16250,11.086193760960652,4.265507207964824,2.096865153946074,1.2177989188242144,Oklahoma City Thunder,1610612760,Oklahoma City Thunder,72,44,28,0.611,48.4,40.0,85.5,0.468,10.7,30.2,0.355,19.8,24.8,0.796,8.2,34.7,42.9,21.7,13.7,7.6,4.9,4.0,19.3,22.8,110.4,2.0,11,8,7,8,10,23,28,8,27,27,17,4,5,7,30,15,23,28,6,16,15,3,4,2,21,12,Oklahoma City Thunder,72,44,28,0.611,3486.0,108.4,110.1,106.3,108.1,2.1,2.1,0.543,1.58,16.3,0.241,0.728,0.492,0.137,0.53,0.573,101.1,99.42,82.85,7218,0.519,11,8,7,8,13,17,7,12,28,22,27,29,19,22,7,18,10,21,10,91.66666666666666
ORL,15962,10.9885194553967,4.709751467490537,2.469232885270949,-0.5275917277136751,Orlando Magic,1610612753,Orlando Magic,73,33,40,0.452,48.1,39.3,88.6,0.444,11.1,32.2,0.343,17.6,22.7,0.774,10.3,34.2,44.5,23.9,12.8,8.2,5.4,4.6,18.3,19.5,107.3,-1.0,3,18,19,18,29,27,17,27,22,19,25,19,20,17,15,19,16,18,4,8,8,12,2,28,24,16,Orlando Magic,73,33,40,0.452,3514.0,106.1,107.9,107.1,109.2,-1.0,-1.3,0.608,1.86,17.5,0.267,0.749,0.5,0.129,0.506,0.544,100.9,98.99,82.49,7255,0.496,3,18,19,18,9,23,11,19,12,5,17,16,5,15,4,27,27,26,17,79.45205479452055
PHI,15990,11.69182094133212,4.616939160356129,2.5467189755657578,1.3163743509456756,Philadelphia 76ers,1610612755,Philadelphia 76ers,73,43,30,0.589,48.2,41.1,87.9,0.468,11.6,31.6,0.368,16.9,22.4,0.755,10.5,35.0,45.4,25.8,14.2,8.0,5.3,4.0,20.9,20.5,110.7,2.4,3,12,12,12,24,14,25,11,19,22,9,21,21,22,12,14,10,8,10,9,9,2,15,18,20,10,Philadelphia 76ers,73,43,30,0.589,3519.0,109.1,110.7,106.3,108.4,2.8,2.3,0.628,1.82,18.5,0.281,0.753,0.516,0.142,0.534,0.566,101.3,99.59,82.99,7304,0.523,3,12,12,12,6,14,8,10,8,7,6,7,2,2,11,13,16,20,7,76.71232876712328
PHX,15981,12.319764944357622,4.83455747306444,2.759740878480533,1.1069177403992312,Phoenix Suns,1610612756,Phoenix Suns,73,34,39,0.466,48.2,41.2,88.1,0.468,11.4,31.8,0.358,19.9,23.8,0.834,9.8,33.8,43.5,27.2,14.8,7.7,4.0,5.5,22.0,22.6,113.6,0.2,3,16,15,16,24,13,22,9,20,21,16,3,10,1,22,21,21,1,16,15,29,24,25,3,10,14,Phoenix Suns,73,34,39,0.466,3519.0,109.7,111.3,108.4,110.8,1.4,0.5,0.661,1.84,19.2,0.261,0.734,0.498,0.145,0.532,0.576,103.7,101.74,84.79,7449,0.512,3,16,15,16,6,12,17,14,2,6,1,21,14,16,16,15,7,9,13,52.054794520547944
POR,16694,12.09094178668946,5.203456970238688,2.208466932162474,-0.25437095541766996,Portland Trail Blazers,1610612757,Portland Trail Blazers,74,35,39,0.473,48.2,42.2,91.2,0.463,12.9,34.1,0.377,17.7,22.1,0.804,10.2,35.1,45.3,20.6,12.8,6.3,6.1,4.9,21.7,20.1,115.0,-1.1,2,14,15,15,27,5,3,14,10,15,3,18,23,3,16,12,12,30,3,28,2,16,22,22,6,19,Portland Trail Blazers,74,35,39,0.473,3567.0,111.1,113.2,111.8,114.3,-0.7,-1.1,0.488,1.61,15.2,0.266,0.712,0.492,0.126,0.533,0.57,103.2,101.17,84.31,7519,0.486,2,14,15,15,2,3,27,18,30,20,30,17,28,20,2,14,12,13,20,10.81081081081081
SAC,15595,11.36394995615862,5.285672821664402,2.0946138680488877,-0.48814137110118483,Sacramento Kings,1610612758,Sacramento Kings,72,31,41,0.431,48.5,40.9,88.4,0.462,12.7,34.9,0.364,15.7,20.3,0.77,9.7,32.9,42.6,23.8,14.5,7.7,4.1,4.2,22.2,19.5,110.1,-2.0,11,20,20,20,7,15,19,15,11,12,12,27,28,18,23,25,27,21,12,14,27,6,27,27,22,21,Sacramento Kings,72,31,41,0.431,3491.0,107.8,109.5,109.6,111.4,-1.8,-1.9,0.582,1.64,17.4,0.258,0.736,0.492,0.144,0.534,0.566,101.2,99.6,83.0,7239,0.479,11,20,20,20,12,18,19,21,22,16,18,22,13,21,15,11,17,19,21,79.16666666666666
SAS,16629,10.461106698859208,4.088192702139087,2.2258830814620314,-0.06861377867039416,San Antonio Spurs,1610612759,San Antonio Spurs,71,32,39,0.451,48.5,42.2,89.4,0.472,10.7,28.5,0.376,19.0,23.4,0.81,9.0,35.6,44.6,24.7,12.6,7.3,5.5,4.3,19.4,20.1,114.1,-1.1,21,19,15,19,6,6,12,5,26,28,4,8,13,2,27,9,15,13,1,22,6,7,5,23,8,18,San Antonio Spurs,71,32,39,0.451,3443.0,110.4,111.7,110.9,112.6,-0.5,-0.9,0.585,1.96,17.9,0.233,0.751,0.495,0.123,0.531,0.572,102.6,101.14,84.29,7249,0.502,21,19,15,19,21,10,24,16,21,1,12,30,4,18,1,16,11,14,15,77.46478873239437
TOR,15585,12.846744116470504,4.984045663307283,3.1081778858727884,3.3901896828471036,Toronto Raptors,1610612761,Toronto Raptors,72,53,19,0.736,48.3,40.2,87.9,0.458,13.8,37.0,0.374,18.5,23.2,0.796,9.5,35.9,45.4,25.2,14.8,8.8,5.0,5.5,21.7,20.4,112.8,6.2,11,2,2,2,17,21,23,20,3,6,5,13,17,6,24,7,11,11,17,2,13,23,21,19,13,4,Toronto Raptors,72,53,19,0.736,3476.0,109.0,110.8,102.0,104.7,7.0,6.1,0.627,1.7,18.1,0.256,0.721,0.496,0.146,0.536,0.574,103.3,101.19,84.32,7328,0.53,11,2,2,2,16,13,2,4,9,13,9,24,22,17,17,8,8,12,5,91.66666666666666
UTA,14773,13.389748010714152,4.70923376652291,2.7058967651697468,1.7626545241386138,Utah Jazz,1610612762,Utah Jazz,72,44,28,0.611,48.2,40.1,85.1,0.471,13.4,35.2,0.38,17.8,22.8,0.779,9.1,35.8,44.9,22.4,15.1,6.1,4.1,4.6,20.4,20.8,111.3,2.5,11,8,7,8,22,22,29,6,7,10,1,16,19,15,26,8,13,26,21,30,28,10,12,14,18,9,Utah Jazz,72,44,28,0.611,3471.0,110.0,111.8,107.4,109.3,2.6,2.5,0.56,1.48,16.8,0.261,0.746,0.512,0.152,0.549,0.585,100.8,99.15,82.62,7169,0.513,11,8,7,8,19,9,13,9,25,27,24,20,6,8,25,2,2,24,12,13.88888888888889
WAS,15854,11.55036566665559,4.065109693320549,2.442120852330697,-2.3263008911404954,Washington Wizards,1610612764,Washington Wizards,72,25,47,0.347,48.2,41.5,90.9,0.457,12.0,32.6,0.368,19.4,24.6,0.788,10.2,31.9,42.0,25.0,14.2,8.0,4.3,5.0,22.7,22.2,114.4,-4.7,11,22,28,23,22,11,5,21,17,18,8,6,7,11,17,28,28,12,9,11,24,18,29,4,7,25,Washington Wizards,72,25,47,0.347,3471.0,108.2,110.2,112.7,114.7,-4.5,-4.5,0.602,1.77,17.6,0.262,0.712,0.478,0.136,0.523,0.562,105.2,103.38,86.15,7475,0.473,11,22,28,23,19,16,29,25,14,8,16,19,27,30,6,21,19,5,22,77.77777777777779
