TEAM_ABBREVIATION,MIN,PTS_x,REB_x,AST_x,PLUS_MINUS_x,Team_Full_Name,TEAM_ID,TEAM_NAME_base,GP_base,W_base,L_base,W_PCT_base,MIN_base,FGM,FGA,FG_PCT,FG3M,FG3A,FG3_PCT,FTM,FTA,FT_PCT,OREB,DREB,REB_y,AST_y,TOV,STL,BLK,BLKA,PF,PFD,PTS_y,PLUS_MINUS_y,GP_RANK_base,W_RANK_base,L_RANK_base,W_PCT_RANK_base,MIN_RANK_base,FGM_RANK,FGA_RANK,FG_PCT_RANK,FG3M_RANK,FG3A_RANK,FG3_PCT_RANK,FTM_RANK,FTA_RANK,FT_PCT_RANK,OREB_RANK,DREB_RANK,REB_RANK,AST_RANK,TOV_RANK,STL_RANK,BLK_RANK,BLKA_RANK,PF_RANK,PFD_RANK,PTS_RANK,PLUS_MINUS_RANK,TEAM_NAME_advanced,GP_advanced,W_advanced,L_advanced,W_PCT_advanced,MIN_advanced,E_OFF_RATING,OFF_RATING,E_DEF_RATING,DEF_RATING,E_NET_RATING,NET_RATING,AST_PCT,AST_TO,AST_RATIO,OREB_PCT,DREB_PCT,REB_PCT,TM_TOV_PCT,EFG_PCT,TS_PCT,E_PACE,PACE,PACE_PER40,POSS,PIE,GP_RANK_advanced,W_RANK_advanced,L_RANK_advanced,W_PCT_RANK_advanced,MIN_RANK_advanced,OFF_RATING_RANK,DEF_RATING_RANK,NET_RATING_RANK,AST_PCT_RANK,AST_TO_RANK,AST_RATIO_RANK,OREB_PCT_RANK,DREB_PCT_RANK,REB_PCT_RANK,TM_TOV_PCT_RANK,EFG_PCT_RANK,TS_PCT_RANK,PACE_RANK,PIE_RANK,Major_Injury_Percent
ATL,14957,13.231907117258686,4.819942774512145,2.6103779762266557,1.8319354651299358,Atlanta Hawks,1610612737,Atlanta Hawks,72,41,31,0.569,48.3,40.8,87.2,0.468,12.4,33.4,0.373,19.7,24.2,0.812,10.6,35.1,45.6,24.1,13.2,7.0,4.8,5.0,19.3,19.8,113.7,2.3,1,11,11,11,11,19,23,17,17,19,12,2,4,5,7,10,5,19,9,24,17,17,18,9,13,9,Atlanta Hawks,72,41,31,0.569,3481.0,113.0,114.3,110.6,112.1,2.5,2.2,0.591,1.82,17.6,0.284,0.742,0.516,0.133,0.539,0.581,99.9,98.68,82.23,7160,0.511,1,11,11,11,11,9,18,11,18,14,20,6,9,7,10,16,10,22,10,61.111111111111114
BKN,16637,12.356886973432978,4.762255691787533,3.026880385941957,3.539562845772988,Brooklyn Nets,1610612751,Brooklyn Nets,72,48,24,0.667,48.3,43.1,87.3,0.494,14.2,36.1,0.392,18.1,22.5,0.804,8.9,35.5,44.4,26.8,13.5,6.7,5.3,4.6,19.0,18.9,118.6,4.5,1,4,4,4,11,6,21,1,7,12,2,5,8,6,27,5,14,7,13,27,7,9,13,18,2,7,Brooklyn Nets,72,48,24,0.667,3481.0,116.3,117.3,110.6,113.1,5.7,4.2,0.621,1.98,19.3,0.252,0.726,0.503,0.134,0.575,0.61,101.8,100.27,83.56,7280,0.532,1,4,4,4,11,1,22,7,10,6,5,22,23,13,12,1,1,11,5,100.0
BOS,15265,11.421598215484538,4.293885012600428,2.489424833296052,0.8219762010906572,Boston Celtics,1610612738,Boston Celtics,72,36,36,0.5,48.3,41.5,88.9,0.466,13.6,36.4,0.374,16.1,20.8,0.775,10.6,33.6,44.3,23.5,14.1,7.7,5.3,4.6,20.4,19.3,112.6,1.5,1,16,16,16,16,13,11,19,11,10,10,25,25,16,4,22,15,25,16,13,6,11,24,13,16,13,Boston Celtics,72,36,36,0.5,3476.0,111.0,113.1,110.0,111.8,0.9,1.2,0.566,1.67,17.1,0.289,0.737,0.51,0.141,0.543,0.574,100.7,98.94,82.45,7172,0.501,1,16,16,16,16,10,13,13,27,22,26,3,13,10,18,12,16,20,17,100.0
CHA,17132,11.188735879000221,4.3861539496342,2.8576090549438296,-1.0894074560631675,Charlotte Hornets,1610612766,Charlotte Hornets,72,33,39,0.458,48.2,39.9,87.8,0.455,13.7,37.0,0.369,15.9,20.9,0.761,10.6,33.2,43.8,26.8,14.8,7.8,4.8,4.8,18.0,18.6,109.5,-1.9,1,19,19,19,19,22,20,22,10,9,14,26,24,21,6,25,19,5,24,10,16,14,5,21,23,23,Charlotte Hornets,72,33,39,0.458,3471.0,108.1,110.1,110.6,112.0,-2.5,-1.9,0.672,1.81,19.2,0.276,0.722,0.496,0.149,0.532,0.564,100.6,99.0,82.5,7159,0.489,1,19,19,19,19,23,16,23,1,16,7,9,26,17,25,19,21,18,22,73.61111111111111
CHI,16016,12.076856062511137,5.2177910095352935,2.7217874876487915,-0.7542185985048857,Chicago Bulls,1610612741,Chicago Bulls,72,31,41,0.431,48.3,42.2,88.6,0.476,12.6,34.0,0.37,13.8,17.5,0.791,9.6,35.3,45.0,26.8,15.1,6.7,4.2,5.1,18.9,17.7,110.7,-0.9,1,21,21,21,16,10,14,9,16,17,13,30,30,11,19,8,11,8,27,28,27,18,10,30,21,20,Chicago Bulls,72,31,41,0.431,3476.0,108.7,110.4,109.9,111.5,-1.2,-1.1,0.635,1.77,19.2,0.267,0.767,0.519,0.151,0.547,0.575,101.1,99.58,82.99,7220,0.499,1,21,21,21,16,21,12,20,4,20,8,16,1,4,27,10,14,13,18,97.22222222222221
CLE,16069,10.252911513116159,4.7931768901398035,2.6098336809415477,-3.749280331820164,Cleveland Cavaliers,1610612739,Cleveland Cavaliers,72,22,50,0.306,48.4,38.6,85.8,0.45,10.0,29.7,0.336,16.7,22.4,0.743,10.4,32.3,42.8,23.8,15.5,7.8,4.5,5.9,18.2,20.2,103.8,-8.4,1,26,26,26,6,29,28,25,29,28,30,14,9,26,10,28,24,21,29,12,20,29,7,6,30,28,Cleveland Cavaliers,72,22,50,0.306,3486.0,103.1,105.2,112.1,113.5,-8.9,-8.3,0.618,1.54,17.5,0.28,0.729,0.499,0.157,0.508,0.543,99.6,97.96,81.64,7107,0.46,1,26,26,26,6,28,25,28,12,29,21,7,21,15,29,29,28,25,27,93.05555555555556
DAL,14690,12.297646461202335,4.890504926386083,2.4610952847159067,1.368586154982672,Dallas Mavericks,1610612742,Dallas Mavericks,72,42,30,0.583,48.1,41.1,87.3,0.47,13.8,38.1,0.362,16.5,21.2,0.778,9.1,34.2,43.3,22.9,12.1,6.3,4.3,3.7,19.4,20.1,112.4,2.3,1,8,8,8,24,18,22,13,8,6,18,18,20,15,25,17,21,26,3,30,26,2,19,7,17,11,Dallas Mavericks,72,42,30,0.583,3461.0,112.9,114.6,110.4,112.3,2.5,2.3,0.557,1.9,17.2,0.253,0.734,0.496,0.123,0.55,0.582,99.5,97.94,81.62,7062,0.51,1,8,8,8,24,8,21,10,28,9,23,21,17,16,3,8,8,26,11,65.27777777777779
DEN,15751,11.715233881954394,4.248112045723896,2.7878098858830045,3.4514451168874416,Denver Nuggets,1610612743,Denver Nuggets,72,47,25,0.653,48.6,43.3,89.2,0.485,12.9,34.2,0.377,15.7,19.5,0.803,10.5,33.9,44.4,26.8,13.5,8.1,4.5,4.5,19.1,19.2,115.1,4.9,1,5,5,5,1,4,9,4,15,16,8,27,27,7,8,19,13,5,12,8,21,7,14,15,8,6,Denver Nuggets,72,47,25,0.653,3496.0,114.2,116.3,110.0,111.5,4.2,4.8,0.621,1.99,19.3,0.292,0.751,0.522,0.136,0.557,0.588,99.3,97.74,81.45,7123,0.525,1,5,5,5,1,6,11,6,11,5,4,2,6,3,15,6,6,27,7,81.94444444444444
DET,16763,10.145546510118042,3.8138181983442894,2.705824452679712,-2.219989088613527,Detroit Pistons,1610612765,Detroit Pistons,72,20,52,0.278,48.4,38.7,85.6,0.452,11.6,32.9,0.351,17.8,23.4,0.759,9.6,33.1,42.7,24.2,14.9,7.4,5.2,5.8,20.5,20.4,106.6,-4.5,1,29,29,29,6,28,29,24,22,21,22,7,5,24,18,26,25,18,25,17,8,28,26,5,27,25,Detroit Pistons,72,20,52,0.278,3486.0,105.4,107.6,110.3,112.2,-4.9,-4.5,0.626,1.62,17.8,0.267,0.725,0.493,0.151,0.519,0.556,100.1,98.19,81.82,7132,0.473,1,29,29,29,6,26,19,25,8,26,18,15,24,21,26,26,24,23,25,88.88888888888889
GSW,16036,10.410183977135985,4.402769287841006,2.6456452386433065,0.08721709757037101,Golden State Warriors,1610612744,Golden State Warriors,72,39,33,0.542,48.1,41.3,88.2,0.468,14.6,38.7,0.376,16.6,21.1,0.785,8.0,35.1,43.0,27.7,15.0,8.2,4.8,4.3,21.2,19.5,113.7,1.1,1,14,14,14,24,15,17,14,3,5,9,16,21,13,30,12,22,1,26,6,17,6,28,11,12,14,Golden State Warriors,72,39,33,0.542,3461.0,108.8,110.5,107.7,109.4,1.1,1.1,0.67,1.84,19.6,0.222,0.727,0.48,0.146,0.551,0.583,104.4,102.81,85.67,7412,0.51,1,14,14,14,24,20,5,15,3,12,2,30,22,27,24,7,7,3,12,80.55555555555556
HOU,16508,11.896364925395668,4.30564613911891,2.8111706041729807,-4.564738625746143,Houston Rockets,1610612745,Houston Rockets,72,17,55,0.236,48.1,39.3,88.5,0.444,13.8,40.6,0.339,16.5,22.3,0.74,9.3,33.3,42.6,23.6,14.7,7.6,5.0,5.3,19.5,19.3,108.8,-7.9,1,30,30,30,24,25,15,28,9,3,28,17,10,27,23,24,27,24,23,14,14,21,21,14,24,27,Houston Rockets,72,17,55,0.236,3461.0,104.9,107.0,112.4,114.4,-7.5,-7.4,0.601,1.6,17.2,0.24,0.723,0.474,0.145,0.521,0.553,103.6,101.69,84.74,7320,0.451,1,30,30,30,24,27,27,27,16,28,25,28,25,30,23,24,27,6,28,79.16666666666666
IND,16103,13.75477030768698,4.644227136876579,2.9747527931261177,0.09792582518413741,Indiana Pacers,1610612754,Indiana Pacers,72,34,38,0.472,48.5,43.3,91.2,0.474,12.3,34.0,0.364,16.4,20.7,0.792,9.0,33.7,42.7,27.4,13.5,8.5,6.4,5.3,20.2,18.1,115.3,0.0,1,17,17,17,4,3,3,11,18,18,17,20,26,9,26,21,26,2,13,5,1,23,22,26,6,17,Indiana Pacers,72,34,38,0.472,3491.0,109.9,111.9,109.6,111.9,0.3,0.1,0.633,2.02,19.2,0.247,0.701,0.476,0.131,0.542,0.575,104.0,102.05,85.04,7419,0.502,1,17,17,17,4,14,14,16,5,4,6,26,30,29,7,13,15,4,16,93.05555555555556
LAL,16791,11.552212175638916,4.733732361552819,2.5483152940311107,1.41182591845225,Los Angeles Lakers,1610612747,Los Angeles Lakers,72,42,30,0.583,48.5,40.6,86.1,0.472,11.1,31.2,0.354,17.2,23.3,0.739,9.7,34.6,44.2,24.7,15.2,7.8,5.4,4.5,19.1,21.3,109.5,2.8,1,8,8,8,4,21,27,12,25,24,21,11,6,28,17,15,16,15,28,11,5,8,16,3,22,8,Los Angeles Lakers,72,42,30,0.583,3491.0,107.5,109.8,104.8,106.8,2.7,2.9,0.607,1.62,18.0,0.269,0.748,0.511,0.152,0.536,0.569,100.8,98.85,82.37,7184,0.517,1,8,8,8,4,24,1,8,15,27,15,14,7,9,28,18,19,21,8,55.55555555555556
MEM,16388,11.305885206888822,4.699438265827455,2.500088877094006,-0.034342085872563946,Memphis Grizzlies,1610612763,Memphis Grizzlies,72,38,34,0.528,48.3,42.8,91.8,0.467,11.2,31.4,0.356,16.4,21.3,0.771,11.2,35.3,46.5,26.9,13.3,9.1,5.1,5.2,18.7,18.3,113.3,1.0,1,15,15,15,11,7,2,18,24,23,20,19,17,18,2,9,4,4,10,1,12,20,9,25,15,15,Memphis Grizzlies,72,38,34,0.528,3481.0,109.7,111.7,108.5,110.5,1.2,1.2,0.628,2.03,18.9,0.285,0.736,0.507,0.131,0.528,0.56,102.6,100.77,83.98,7302,0.511,1,15,15,15,11,15,7,14,7,3,9,4,15,11,6,22,22,8,9,36.11111111111111
MIA,14425,12.78760081380721,4.595117169114261,3.2545579947614827,0.13692253052718167,Miami Heat,1610612748,Miami Heat,72,40,32,0.556,48.3,39.2,83.7,0.468,12.9,36.2,0.358,16.7,21.1,0.79,8.0,33.5,41.5,26.3,14.1,7.9,4.0,4.0,18.9,19.6,108.1,0.0,1,13,13,13,16,26,30,15,14,11,19,13,21,12,29,23,29,9,17,9,30,4,12,10,25,16,Miami Heat,72,40,32,0.556,3476.0,109.1,110.6,108.5,110.7,0.6,-0.1,0.671,1.87,19.5,0.24,0.733,0.491,0.144,0.546,0.581,98.7,97.09,80.91,7036,0.509,1,13,13,13,16,18,10,17,2,10,3,29,19,22,21,11,9,29,13,22.22222222222222
MIL,15715,12.112874856782089,4.871340140185778,2.6622731368647576,3.8849106969635616,Milwaukee Bucks,1610612749,Milwaukee Bucks,72,46,26,0.639,48.1,44.7,91.8,0.487,14.4,37.1,0.389,16.2,21.4,0.76,10.3,37.8,48.1,25.5,13.8,8.1,4.6,4.8,17.3,18.3,120.1,5.9,1,7,7,7,22,1,1,3,5,8,5,23,16,23,12,1,2,14,15,7,19,15,2,24,1,3,Milwaukee Bucks,72,46,26,0.639,3466.0,114.7,116.5,109.1,110.7,5.5,5.8,0.569,1.84,18.0,0.269,0.755,0.519,0.134,0.566,0.593,104.4,102.85,85.71,7423,0.533,1,7,7,7,22,5,9,4,25,13,13,13,4,5,13,2,5,2,4,94.44444444444444
MIN,15981,11.76298093269554,4.212148412066159,2.6942115077303264,-2.656023035351768,Minnesota Timberwolves,1610612750,Minnesota Timberwolves,72,23,49,0.319,48.3,40.7,90.9,0.448,13.1,37.6,0.349,17.6,23.1,0.761,10.5,33.0,43.5,25.6,14.3,8.8,5.5,5.5,20.9,19.9,112.1,-5.6,1,25,25,25,11,20,6,27,12,7,25,8,7,22,9,27,20,11,19,3,3,26,27,8,18,26,Minnesota Timberwolves,72,23,49,0.319,3481.0,107.0,109.3,112.1,114.5,-5.2,-5.3,0.63,1.8,18.0,0.271,0.717,0.484,0.139,0.52,0.555,104.1,101.96,84.96,7389,0.469,1,25,25,25,11,25,28,26,6,17,14,11,27,25,17,25,25,5,26,97.22222222222221
NOP,16571,10.862297541553822,4.3893342157593,2.4906719781279207,-0.37709399119380727,New Orleans Pelicans,1610612740,New Orleans Pelicans,72,31,41,0.431,48.4,42.5,89.1,0.477,10.6,30.4,0.348,19.0,26.1,0.729,11.7,35.7,47.4,26.0,14.6,7.6,4.4,5.9,18.0,21.3,114.6,-0.3,1,21,21,21,6,9,10,7,27,25,26,4,2,29,1,3,3,10,22,15,24,30,4,2,9,18,New Orleans Pelicans,72,31,41,0.431,3486.0,110.8,113.0,111.6,113.3,-0.7,-0.3,0.612,1.78,18.3,0.302,0.755,0.527,0.144,0.537,0.57,102.3,100.54,83.79,7303,0.508,1,21,21,21,6,11,23,18,13,18,11,1,3,2,22,17,17,10,14,100.0
NYK,15820,11.613646315223724,4.977052196053299,2.3799896980746187,1.382863599700711,New York Knicks,1610612752,New York Knicks,72,41,31,0.569,48.4,39.4,86.5,0.456,11.8,30.0,0.392,16.4,20.9,0.784,9.7,35.5,45.1,21.4,12.9,7.0,5.1,5.4,20.5,17.9,107.0,2.3,1,11,11,11,6,24,26,21,21,27,3,21,23,14,16,7,9,29,6,21,11,25,25,29,26,10,New York Knicks,72,41,31,0.569,3486.0,108.2,110.2,105.7,107.8,2.5,2.4,0.543,1.65,16.3,0.264,0.738,0.505,0.133,0.524,0.559,98.2,96.32,80.27,6994,0.502,1,11,11,11,6,22,4,9,29,24,27,17,12,12,11,23,23,30,15,66.66666666666666
OKC,17076,10.126691963434412,4.300661059948455,2.141651593594747,-4.83083677794327,Oklahoma City Thunder,1610612760,Oklahoma City Thunder,72,22,50,0.306,48.2,38.8,88.0,0.441,11.9,35.1,0.339,15.5,21.3,0.725,9.9,35.7,45.6,22.1,16.1,7.0,4.4,5.3,18.1,18.6,105.0,-10.6,1,26,26,26,19,27,19,29,20,13,29,29,17,30,14,3,6,27,30,23,23,21,6,23,28,30,Oklahoma City Thunder,72,22,50,0.306,3471.0,101.3,102.8,111.9,113.4,-10.5,-10.6,0.568,1.37,16.1,0.254,0.742,0.494,0.158,0.509,0.539,103.1,101.61,84.67,7353,0.442,1,26,26,26,19,30,24,30,26,30,29,19,10,20,30,28,29,7,30,91.66666666666666
ORL,16697,10.329599380997,4.542216841331295,2.425413817407656,-4.502431092038931,Orlando Magic,1610612753,Orlando Magic,72,21,51,0.292,48.1,38.3,89.2,0.429,10.9,31.8,0.343,16.6,21.4,0.775,10.4,35.1,45.4,21.8,12.8,6.9,4.4,5.3,17.2,18.6,104.0,-9.3,1,28,28,28,22,30,8,30,26,22,27,15,15,17,11,10,7,28,5,25,22,24,1,20,29,29,Orlando Magic,72,21,51,0.292,3466.0,102.9,104.6,112.1,113.9,-9.2,-9.3,0.57,1.7,16.3,0.252,0.744,0.488,0.129,0.49,0.527,100.8,99.17,82.64,7158,0.45,1,28,28,28,22,29,26,29,24,21,28,23,8,23,5,30,30,17,29,58.333333333333336
PHI,16290,10.874965968293555,4.024656031998751,2.3379982587050314,2.2964569271117337,Philadelphia 76ers,1610612755,Philadelphia 76ers,72,49,23,0.681,48.4,41.4,86.9,0.476,11.3,30.1,0.374,19.6,25.5,0.767,10.0,35.0,45.1,23.7,14.4,9.1,6.2,4.7,20.2,21.0,113.6,5.6,1,3,3,3,6,14,24,8,23,26,11,3,3,20,13,13,10,22,21,1,2,12,23,4,14,5,Philadelphia 76ers,72,49,23,0.681,3486.0,110.8,112.5,105.1,107.0,5.7,5.5,0.572,1.64,17.2,0.277,0.737,0.511,0.143,0.541,0.579,101.8,100.12,83.43,7272,0.536,1,3,3,3,6,13,2,5,23,25,24,8,14,8,20,14,11,12,2,88.88888888888889
PHX,15294,12.039668345231465,4.650823792528042,2.79238085718384,3.183362721270963,Phoenix Suns,1610612756,Phoenix Suns,72,51,21,0.708,48.6,43.3,88.3,0.49,13.1,34.6,0.378,15.6,18.7,0.834,8.8,34.2,42.9,26.9,12.5,7.2,4.3,3.6,19.1,18.0,115.3,5.8,1,2,2,2,1,2,16,2,13,15,7,28,29,2,28,18,23,3,4,19,25,1,14,28,7,4,Phoenix Suns,72,51,21,0.708,3496.0,114.9,116.3,108.8,110.4,6.1,5.9,0.622,2.15,19.6,0.248,0.741,0.5,0.126,0.564,0.597,99.3,98.0,81.67,7137,0.534,1,2,2,2,1,7,6,3,9,1,1,25,11,14,4,3,3,24,3,73.61111111111111
POR,15911,13.437895514727598,4.6447387694130535,2.434916934754692,1.4426110990988195,Portland Trail Blazers,1610612757,Portland Trail Blazers,72,42,30,0.583,48.1,41.3,91.1,0.453,15.7,40.8,0.385,17.8,21.6,0.823,10.6,33.9,44.5,21.3,11.1,6.9,5.0,4.6,18.9,19.1,116.1,1.8,1,8,8,8,24,15,4,23,2,2,6,6,13,3,3,20,12,30,1,25,13,10,10,16,5,12,Portland Trail Blazers,72,42,30,0.583,3461.0,114.9,117.1,113.4,115.3,1.5,1.8,0.515,1.92,15.9,0.273,0.731,0.495,0.112,0.54,0.577,100.8,98.97,82.48,7137,0.493,1,8,8,8,24,2,29,12,30,7,30,10,20,18,1,15,13,19,20,59.72222222222222
SAC,15795,11.52175631609436,4.436292397849933,2.582402440916437,-2.251257817451273,Sacramento Kings,1610612758,Sacramento Kings,72,31,41,0.431,48.1,42.6,88.6,0.481,12.1,33.3,0.364,16.4,22.0,0.745,9.4,32.0,41.4,25.5,13.4,7.5,5.0,4.7,19.4,18.7,113.7,-3.7,1,21,21,21,24,8,13,6,19,20,16,21,11,25,22,30,30,12,11,16,15,13,20,19,11,24,Sacramento Kings,72,31,41,0.431,3461.0,111.1,112.7,114.6,116.5,-3.5,-3.8,0.599,1.91,18.4,0.253,0.713,0.482,0.133,0.549,0.578,102.2,100.71,83.92,7266,0.481,1,21,21,21,24,12,30,24,17,8,10,20,29,26,8,9,12,9,24,51.388888888888886
SAS,15599,11.957878372618454,4.390626190765101,2.5680083664167004,-0.7464086634090812,San Antonio Spurs,1610612759,San Antonio Spurs,72,33,39,0.458,48.6,41.9,90.5,0.462,9.9,28.4,0.35,17.4,22.0,0.792,9.3,34.6,43.9,24.4,11.4,7.0,5.1,5.1,18.0,18.6,111.1,-1.7,1,19,19,19,1,11,7,20,30,30,24,9,12,10,24,16,18,16,2,22,10,19,3,22,20,21,San Antonio Spurs,72,33,39,0.458,3496.0,108.6,110.5,110.7,112.0,-2.1,-1.5,0.584,2.14,17.9,0.243,0.733,0.485,0.113,0.517,0.554,101.0,99.45,82.87,7236,0.493,1,19,19,19,1,19,17,21,20,2,16,27,18,24,2,27,26,15,21,100.0
TOR,15116,12.296986963995277,4.791756537865161,2.6204842944314453,-0.12328828783191856,Toronto Raptors,1610612761,Toronto Raptors,72,27,45,0.375,48.1,39.7,88.7,0.448,14.5,39.3,0.368,17.4,21.3,0.815,9.4,32.1,41.6,24.1,13.2,8.6,5.4,5.6,21.2,19.5,111.3,-0.5,1,24,24,24,24,23,12,26,4,4,15,10,17,4,20,29,28,20,8,4,4,27,28,12,19,19,Toronto Raptors,72,27,45,0.375,3461.0,109.3,111.6,109.8,112.0,-0.5,-0.4,0.607,1.82,17.7,0.256,0.716,0.479,0.133,0.529,0.567,101.6,99.57,82.98,7177,0.486,1,24,24,24,24,16,15,19,14,15,19,18,28,28,9,21,20,14,23,30.555555555555557
UTA,15791,13.754203143363945,5.311611107990167,2.8424303557204555,6.146886429547694,Utah Jazz,1610612762,Utah Jazz,72,52,20,0.722,48.2,41.3,88.1,0.468,16.7,43.0,0.389,17.2,21.5,0.799,10.6,37.6,48.3,23.7,14.2,6.6,5.2,3.9,18.5,19.0,116.4,9.3,1,1,1,1,19,17,18,16,1,1,4,12,14,8,4,2,1,23,18,29,8,3,8,17,4,1,Utah Jazz,72,52,20,0.722,3471.0,115.1,116.5,105.7,107.5,9.4,9.0,0.573,1.66,17.3,0.284,0.757,0.529,0.142,0.563,0.597,100.8,99.37,82.81,7193,0.542,1,1,1,1,19,4,3,1,22,23,22,5,2,1,19,5,4,16,1,5.555555555555555
WAS,15915,11.20385504973632,4.432581378353434,2.2866318867182565,-1.0125852448361994,Washington Wizards,1610612764,Washington Wizards,72,34,38,0.472,48.3,43.2,90.9,0.475,10.2,29.0,0.351,20.1,26.2,0.769,9.7,35.5,45.2,25.5,14.4,7.3,4.1,4.8,21.6,22.0,116.6,-1.8,1,17,17,17,11,5,5,10,28,29,23,1,1,19,15,6,8,13,20,18,28,15,30,1,3,22,Washington Wizards,72,34,38,0.472,3481.0,108.9,110.7,110.5,112.3,-1.7,-1.6,0.59,1.77,17.8,0.25,0.736,0.494,0.137,0.531,0.569,106.4,104.67,87.22,7585,0.496,1,17,17,17,11,17,20,22,19,19,17,24,16,19,16,20,18,1,19,69.44444444444444
