TEAM_ABBREVIATION,MIN,PTS_x,REB_x,AST_x,PLUS_MINUS_x,Team_Full_Name,TEAM_ID,TEAM_NAME_base,GP_base,W_base,L_base,W_PCT_base,MIN_base,FGM,FGA,FG_PCT,FG3M,FG3A,FG3_PCT,FTM,FTA,FT_PCT,OREB,DREB,REB_y,AST_y,TOV,STL,BLK,BLKA,PF,PFD,PTS_y,PLUS_MINUS_y,GP_RANK_base,W_RANK_base,L_RANK_base,W_PCT_RANK_base,MIN_RANK_base,FGM_RANK,FGA_RANK,FG_PCT_RANK,FG3M_RANK,FG3A_RANK,FG3_PCT_RANK,FTM_RANK,FTA_RANK,FT_PCT_RANK,OREB_RANK,DREB_RANK,REB_RANK,AST_RANK,TOV_RANK,STL_RANK,BLK_RANK,BLKA_RANK,PF_RANK,PFD_RANK,PTS_RANK,PLUS_MINUS_RANK,TEAM_NAME_advanced,GP_advanced,W_advanced,L_advanced,W_PCT_advanced,MIN_advanced,E_OFF_RATING,OFF_RATING,E_DEF_RATING,DEF_RATING,E_NET_RATING,NET_RATING,AST_PCT,AST_TO,AST_RATIO,OREB_PCT,DREB_PCT,REB_PCT,TM_TOV_PCT,EFG_PCT,TS_PCT,E_PACE,PACE,PACE_PER40,POSS,PIE,GP_RANK_advanced,W_RANK_advanced,L_RANK_advanced,W_PCT_RANK_advanced,MIN_RANK_advanced,OFF_RATING_RANK,DEF_RATING_RANK,NET_RATING_RANK,AST_PCT_RANK,AST_TO_RANK,AST_RATIO_RANK,OREB_PCT_RANK,DREB_PCT_RANK,REB_PCT_RANK,TM_TOV_PCT_RANK,EFG_PCT_RANK,TS_PCT_RANK,PACE_RANK,PIE_RANK,Major_Injury_Percent
ATL,16604,14.616683494593563,5.242948056275328,2.873486835305964,0.7609714279574029,Atlanta Hawks,1610612737,Atlanta Hawks,82,41,41,0.5,48.4,44.6,92.4,0.483,10.8,30.5,0.352,18.5,22.6,0.818,11.2,33.2,44.4,25.0,12.9,7.1,4.9,5.0,18.8,19.7,118.4,0.3,1,17,17,17,8,1,3,9,26,28,21,16,20,3,9,12,10,18,3,18,12,21,6,19,3,18,Atlanta Hawks,82,41,41,0.5,3971.0,113.9,115.5,113.6,115.4,0.3,0.1,0.56,1.93,17.6,0.289,0.717,0.5,0.126,0.541,0.579,103.1,101.56,84.63,8407,0.5,1,17,17,17,8,7,22,19,28,6,22,11,18,16,3,19,19,6,17,29.268292682926827
BKN,17123,13.99973926036473,4.694117505411625,3.399738122368303,-0.022539545490801498,Brooklyn Nets,1610612751,Brooklyn Nets,82,45,37,0.549,48.1,41.5,85.1,0.487,12.8,33.8,0.378,17.7,22.1,0.8,8.2,32.3,40.5,25.5,13.7,7.1,6.2,3.9,21.1,18.5,113.4,0.9,1,9,9,9,29,21,28,7,9,13,5,19,25,7,29,20,29,13,14,16,1,3,25,28,20,15,Brooklyn Nets,82,45,37,0.549,3946.0,113.0,114.6,110.9,113.5,2.1,1.1,0.616,1.86,18.9,0.234,0.689,0.472,0.139,0.562,0.598,100.7,98.77,82.31,8111,0.51,1,9,9,9,29,12,16,14,9,11,6,29,29,29,16,7,7,23,13,100.0
BOS,17574,13.370996596170164,5.158270933142394,2.9537029231080605,4.015804273215954,Boston Celtics,1610612738,Boston Celtics,82,57,25,0.695,48.7,42.2,88.8,0.475,16.0,42.6,0.377,17.5,21.6,0.812,9.7,35.6,45.3,26.7,13.4,6.4,5.2,3.9,18.8,19.1,117.9,6.5,1,2,2,2,1,13,15,14,2,2,6,24,28,4,20,3,7,7,7,27,6,4,7,25,4,1,Boston Celtics,82,57,25,0.695,3996.0,115.7,117.3,108.8,110.6,7.0,6.7,0.632,2.0,19.1,0.255,0.746,0.506,0.133,0.566,0.6,100.6,99.15,82.63,8247,0.534,1,2,2,2,1,2,2,1,5,4,5,27,1,9,7,4,5,20,1,71.95121951219512
CHA,18232,11.801516715867386,4.583223670218534,2.8514812547689585,-3.17612739542742,Charlotte Hornets,1610612766,Charlotte Hornets,82,27,55,0.329,48.4,41.3,90.4,0.457,10.7,32.5,0.33,17.6,23.6,0.749,11.0,33.5,44.5,25.1,14.2,7.7,5.2,5.7,20.3,20.3,111.0,-6.2,1,27,27,27,12,22,6,29,27,18,29,20,17,27,12,10,9,17,17,9,8,29,17,13,27,27,Charlotte Hornets,82,27,55,0.329,3966.0,106.7,108.4,112.6,114.7,-5.9,-6.3,0.609,1.77,17.8,0.276,0.717,0.491,0.139,0.516,0.551,103.3,101.47,84.56,8390,0.473,1,27,27,27,12,30,20,27,13,20,20,17,19,24,14,29,30,9,27,93.90243902439023
CHI,17805,11.83424602833502,4.162247015495479,2.8903706775848983,0.5655720912403337,Chicago Bulls,1610612741,Chicago Bulls,82,40,42,0.488,48.5,42.5,86.8,0.49,10.4,28.9,0.361,17.6,21.8,0.809,8.5,33.9,42.4,24.5,13.4,7.9,4.5,4.7,18.9,18.7,113.1,1.3,1,19,19,19,4,11,21,4,30,30,16,21,26,5,28,9,22,20,8,7,19,18,8,27,22,13,Chicago Bulls,82,40,42,0.488,3981.0,111.7,112.8,109.4,111.5,2.3,1.3,0.575,1.83,18.1,0.236,0.736,0.493,0.133,0.55,0.587,100.6,99.18,82.65,8225,0.512,1,19,19,19,4,24,5,13,23,14,17,28,3,22,8,12,12,18,9,36.58536585365854
CLE,18669,11.922558277485708,4.543691770915324,2.722643242928809,3.0495303270894767,Cleveland Cavaliers,1610612739,Cleveland Cavaliers,82,51,31,0.622,48.5,41.6,85.2,0.488,11.6,31.6,0.367,17.5,22.5,0.78,9.7,31.4,41.1,24.9,13.3,7.1,4.7,4.4,19.0,20.4,112.3,5.4,1,5,5,5,5,20,27,5,19,24,12,23,21,19,22,25,25,19,6,15,14,13,9,10,25,2,Cleveland Cavaliers,82,51,31,0.622,3976.0,113.7,115.5,107.7,109.9,6.0,5.6,0.6,1.87,18.6,0.273,0.715,0.496,0.137,0.556,0.59,98.0,96.27,80.23,7972,0.531,1,5,5,5,5,8,1,2,17,10,11,20,20,20,12,9,9,30,2,15.853658536585366
DAL,16871,13.20573367185216,4.188131242416439,2.732646350815145,0.40776333522018476,Dallas Mavericks,1610612742,Dallas Mavericks,82,38,44,0.463,48.6,40.0,84.3,0.475,15.2,41.0,0.371,19.0,25.1,0.755,7.6,31.2,38.8,22.9,12.2,6.3,3.7,3.8,20.7,21.8,114.2,0.1,1,21,21,21,3,28,29,15,3,3,8,12,6,23,30,27,30,28,2,29,28,2,23,1,16,19,Dallas Mavericks,82,38,44,0.463,3986.0,114.3,115.9,114.0,116.1,0.3,-0.2,0.573,1.88,17.4,0.226,0.717,0.471,0.124,0.565,0.599,98.8,97.21,81.01,8082,0.487,1,21,21,21,3,6,25,20,25,8,24,30,17,30,2,5,6,28,23,98.78048780487805
DEN,16971,12.565378905987417,4.4200186585972014,3.159359368748467,1.8333582544425298,Denver Nuggets,1610612743,Denver Nuggets,82,53,29,0.646,48.2,43.6,86.4,0.504,11.8,31.2,0.379,16.8,22.4,0.751,10.1,32.9,43.0,28.9,14.5,7.5,4.5,4.2,18.6,19.5,115.8,3.3,1,4,4,4,25,3,22,1,18,25,4,27,24,26,17,15,19,2,20,11,20,10,4,23,12,6,Denver Nuggets,82,53,29,0.646,3951.0,115.0,116.8,111.7,113.5,3.3,3.3,0.663,1.99,20.5,0.289,0.727,0.514,0.147,0.573,0.601,100.3,98.74,82.28,8129,0.525,1,4,4,4,25,5,15,6,2,5,1,12,11,4,23,1,3,24,3,18.29268292682927
DET,18759,11.654495626163426,4.494966099346988,2.2488805020242104,-4.254035436770692,Detroit Pistons,1610612765,Detroit Pistons,82,17,65,0.207,48.3,39.6,87.1,0.454,11.4,32.4,0.351,19.8,25.7,0.771,11.2,31.3,42.4,23.0,15.1,7.0,3.8,5.5,22.1,21.0,110.3,-8.2,1,30,30,30,18,29,19,30,20,19,22,4,2,21,10,26,21,27,25,20,27,27,30,3,29,29,Detroit Pistons,82,17,65,0.207,3961.0,107.8,109.9,116.1,117.8,-8.2,-7.9,0.581,1.52,16.7,0.292,0.702,0.491,0.15,0.52,0.561,101.6,99.88,83.23,8231,0.449,1,30,30,30,18,28,27,28,22,29,28,8,27,23,26,27,26,13,30,43.90243902439025
GSW,17547,12.99685229516977,4.7194232598967165,3.261450147037206,1.6722740630732191,Golden State Warriors,1610612744,Golden State Warriors,82,44,38,0.537,48.4,43.1,90.2,0.479,16.6,43.2,0.385,16.0,20.2,0.794,10.5,34.1,44.6,29.8,16.3,7.2,4.0,4.0,21.4,18.4,118.9,1.8,1,11,11,11,12,5,8,12,1,1,2,29,30,9,14,7,8,1,30,14,25,6,28,30,2,11,Golden State Warriors,82,44,38,0.537,3966.0,113.5,115.1,111.4,113.4,2.1,1.7,0.691,1.83,20.4,0.277,0.719,0.502,0.158,0.571,0.6,104.2,102.54,85.45,8472,0.51,1,11,11,11,12,10,14,11,1,13,2,16,16,14,29,3,4,1,12,96.34146341463415
HOU,16321,12.998536813358275,4.93910698940503,2.7863241821173172,-4.339228057179845,Houston Rockets,1610612745,Houston Rockets,82,22,60,0.268,48.2,40.6,88.9,0.457,10.4,31.9,0.327,19.1,25.3,0.754,13.4,32.9,46.3,22.4,16.2,7.3,4.6,6.2,20.5,20.6,110.7,-7.9,1,28,28,28,25,25,14,28,29,22,30,10,4,25,1,17,4,30,29,13,18,30,21,6,28,28,Houston Rockets,82,22,60,0.268,3951.0,107.7,110.5,116.9,118.6,-9.2,-8.1,0.551,1.38,16.0,0.344,0.729,0.53,0.162,0.516,0.554,101.8,99.74,83.11,8220,0.457,1,28,28,28,25,27,29,29,29,30,30,1,9,1,30,30,29,14,28,65.85365853658537
IND,19064,10.95115473551191,3.826110799943791,2.5438134898248497,-1.0707528800488642,Indiana Pacers,1610612754,Indiana Pacers,82,35,47,0.427,48.2,42.0,89.6,0.469,13.6,37.0,0.367,18.7,23.7,0.79,10.1,31.4,41.5,27.0,14.9,7.7,5.8,5.3,21.2,20.2,116.3,-3.2,1,23,23,23,25,17,11,22,6,7,11,14,14,13,16,24,24,6,23,10,2,26,27,14,10,25,Indiana Pacers,82,35,47,0.427,3951.0,111.0,113.8,115.4,117.1,-4.4,-3.3,0.643,1.81,18.9,0.285,0.685,0.482,0.146,0.545,0.581,103.8,101.68,84.73,8377,0.482,1,23,23,23,25,21,26,25,4,15,7,13,30,28,22,16,18,5,25,19.51219512195122
LAL,17962,13.158428240134716,5.015486426953672,2.900192832952095,0.8948839413443582,Los Angeles Lakers,1610612747,Los Angeles Lakers,82,43,39,0.524,48.5,42.9,89.0,0.482,10.8,31.2,0.346,20.6,26.6,0.775,10.0,35.7,45.7,25.3,14.1,6.4,4.6,5.1,17.9,21.5,117.2,0.6,1,14,14,14,5,8,13,10,24,26,25,2,1,20,18,2,6,15,15,26,16,23,1,2,6,16,Los Angeles Lakers,82,43,39,0.524,3976.0,111.8,113.9,111.5,113.2,0.3,0.7,0.589,1.8,17.9,0.269,0.727,0.505,0.137,0.542,0.582,103.6,101.92,84.93,8436,0.511,1,14,14,14,5,19,12,16,20,17,18,22,10,10,11,18,17,4,10,37.80487804878049
MEM,18770,11.233280496724282,4.7665147496877,2.86226003076338,1.3848307753862377,Memphis Grizzlies,1610612763,Memphis Grizzlies,82,51,31,0.622,48.2,43.7,92.1,0.475,12.0,34.2,0.351,17.5,23.8,0.733,12.0,34.6,46.6,26.0,13.6,8.3,5.8,5.2,20.0,20.0,116.9,3.9,1,5,5,5,22,2,4,16,16,11,23,25,13,30,4,4,2,9,12,3,3,24,14,16,9,4,Memphis Grizzlies,82,51,31,0.622,3956.0,112.3,114.7,108.3,110.7,4.0,4.0,0.596,1.91,18.2,0.302,0.711,0.507,0.133,0.54,0.57,103.7,101.5,84.58,8360,0.519,1,5,5,5,22,11,3,4,19,7,15,6,22,8,9,21,25,8,6,43.90243902439025
MIA,18149,11.505748834550355,4.1489832879113875,2.6928709863395386,-0.38062595642834013,Miami Heat,1610612748,Miami Heat,82,44,38,0.537,48.3,39.2,85.3,0.46,12.0,34.8,0.344,19.1,23.0,0.831,9.7,30.9,40.6,23.8,13.5,8.0,3.0,3.8,18.5,20.0,109.5,-0.3,1,11,11,11,18,30,26,26,17,10,27,10,19,2,20,29,27,25,9,6,30,1,3,17,30,21,Miami Heat,82,44,38,0.537,3961.0,110.4,112.3,110.6,112.8,-0.2,-0.5,0.608,1.77,17.8,0.274,0.733,0.498,0.138,0.53,0.574,98.6,96.76,80.63,7991,0.496,1,11,11,11,18,25,9,21,14,21,21,18,4,18,13,25,21,29,22,20.73170731707317
MIL,17880,11.518158120633712,4.737193157684572,2.746996362056833,2.1997253498749108,Milwaukee Bucks,1610612749,Milwaukee Bucks,82,58,24,0.707,48.4,42.7,90.4,0.473,14.8,40.3,0.368,16.6,22.4,0.743,11.1,37.5,48.6,25.8,14.6,6.4,4.9,3.9,18.0,19.0,116.9,3.6,1,1,1,1,12,10,7,19,4,4,10,28,23,29,11,1,1,12,22,27,11,5,2,26,8,5,Milwaukee Bucks,82,58,24,0.707,3966.0,112.8,114.3,109.4,110.9,3.3,3.4,0.604,1.76,18.1,0.284,0.745,0.521,0.143,0.555,0.583,102.8,101.45,84.54,8389,0.523,1,1,1,1,12,15,4,5,15,23,16,14,2,3,19,10,15,10,5,60.97560975609756
MIN,18599,12.166021923050648,4.291148062068529,3.031434515370211,0.05312310033532186,Minnesota Timberwolves,1610612750,Minnesota Timberwolves,82,42,40,0.512,48.4,42.9,87.4,0.49,12.2,33.3,0.365,17.9,23.7,0.755,9.1,32.8,41.9,26.2,15.3,8.0,5.4,4.1,21.6,20.2,115.8,0.0,1,15,15,15,12,9,18,3,14,15,13,18,16,24,26,18,23,8,27,5,4,8,29,15,13,20,Minnesota Timberwolves,82,42,40,0.512,3966.0,111.3,113.3,111.1,113.1,0.2,0.2,0.61,1.71,18.6,0.258,0.703,0.485,0.15,0.56,0.592,103.4,101.55,84.62,8383,0.503,1,15,15,15,12,23,10,18,12,24,10,26,26,27,25,8,8,7,16,37.80487804878049
NOP,18390,12.634570020751303,4.414680980366065,2.93132536186328,1.202129411974074,New Orleans Pelicans,1610612740,New Orleans Pelicans,82,42,40,0.512,48.4,42.0,87.6,0.48,11.0,30.1,0.364,19.3,24.4,0.793,10.6,33.1,43.7,25.9,14.6,8.3,4.1,4.7,20.5,20.4,114.4,1.9,1,15,15,15,8,16,17,11,23,29,15,8,10,11,13,13,13,11,21,2,24,17,20,12,15,10,New Orleans Pelicans,82,42,40,0.512,3971.0,111.8,113.8,109.9,112.0,1.9,1.9,0.616,1.77,18.5,0.29,0.732,0.512,0.145,0.543,0.582,101.4,99.58,82.98,8239,0.514,1,15,15,15,8,20,6,10,10,19,12,9,5,5,20,17,16,16,8,48.78048780487805
NYK,18785,11.904662429500044,4.977097434166356,2.3455835372949543,1.5950175451404676,New York Knicks,1610612752,New York Knicks,82,47,35,0.573,48.7,42.0,89.4,0.47,12.6,35.7,0.354,19.4,25.5,0.761,12.6,34.0,46.6,22.9,13.0,6.4,4.1,4.5,20.3,20.7,116.0,2.9,1,8,8,8,2,17,12,20,11,8,19,7,3,22,3,8,3,28,4,25,23,14,18,5,11,7,New York Knicks,82,47,35,0.573,3991.0,114.9,117.0,111.8,114.2,3.1,2.8,0.546,1.77,16.6,0.318,0.727,0.521,0.131,0.541,0.577,99.7,97.75,81.46,8134,0.509,1,8,8,8,2,4,19,7,30,22,29,2,12,2,5,20,20,26,14,100.0
OKC,17410,11.168285998477094,4.305565914236601,2.3714548680832945,-0.2328659013307753,Oklahoma City Thunder,1610612760,Oklahoma City Thunder,82,40,42,0.488,48.4,43.1,92.6,0.465,12.1,34.1,0.356,19.2,23.7,0.809,11.4,32.3,43.7,24.4,13.0,8.2,4.2,5.5,21.0,20.4,117.5,1.1,1,19,19,19,8,6,2,24,15,12,17,9,14,6,8,21,14,21,5,4,22,28,24,10,5,14,Oklahoma City Thunder,82,40,42,0.488,3971.0,112.3,114.2,111.4,113.2,0.8,1.0,0.567,1.87,17.2,0.289,0.693,0.487,0.127,0.531,0.57,103.6,101.94,84.95,8435,0.498,1,19,19,19,8,16,13,15,27,9,26,10,28,25,4,24,23,3,20,67.07317073170732
ORL,18106,10.620292144773611,4.211721001707535,2.1854867142708345,-1.814867798051583,Orlando Magic,1610612753,Orlando Magic,82,34,48,0.415,48.2,40.5,86.3,0.47,10.8,31.1,0.346,19.6,25.0,0.784,10.2,33.1,43.2,23.2,15.1,7.4,4.7,5.1,20.1,20.5,111.4,-2.6,1,25,25,25,22,26,23,21,25,27,24,6,8,16,15,14,16,26,24,12,15,22,16,7,26,24,Orlando Magic,82,34,48,0.415,3956.0,109.0,111.3,111.5,113.7,-2.4,-2.3,0.574,1.54,17.0,0.281,0.73,0.505,0.151,0.532,0.573,101.7,99.66,83.05,8205,0.485,1,25,25,25,22,26,18,24,24,28,27,15,8,12,27,23,22,15,24,59.756097560975604
PHI,16518,14.399535096048872,4.541357028083641,3.2407924419349925,3.369275344318241,Philadelphia 76ers,1610612755,Philadelphia 76ers,82,54,28,0.659,48.5,40.8,83.8,0.487,12.6,32.6,0.387,21.0,25.1,0.835,8.7,32.2,40.9,25.2,13.7,7.7,4.7,4.6,20.4,19.6,115.2,4.3,1,3,3,3,5,24,30,6,12,16,1,1,5,1,27,22,26,16,13,8,13,16,19,20,14,3,Philadelphia 76ers,82,54,28,0.659,3976.0,115.5,117.0,110.2,112.7,5.2,4.4,0.616,1.84,18.6,0.258,0.721,0.496,0.139,0.563,0.608,99.2,97.44,81.2,8072,0.524,1,3,3,3,5,3,8,3,8,12,9,25,14,19,15,6,2,27,4,36.58536585365854
PHX,16752,12.71565074260388,4.0454907800973565,2.9619351152431124,1.590103056300459,Phoenix Suns,1610612756,Phoenix Suns,82,45,37,0.549,48.2,42.1,90.1,0.467,12.2,32.6,0.374,17.2,21.7,0.793,11.8,32.4,44.2,27.3,13.5,7.1,5.3,4.0,21.2,19.9,113.6,2.1,1,9,9,9,22,15,9,23,13,17,7,26,27,10,5,19,11,4,11,16,5,7,26,18,17,9,Phoenix Suns,82,45,37,0.549,3956.0,112.1,114.5,110.1,112.3,2.1,2.2,0.647,2.01,19.3,0.307,0.714,0.508,0.136,0.535,0.57,100.8,98.83,82.36,8141,0.514,1,9,9,9,22,14,7,9,3,3,4,5,21,7,10,22,24,22,7,57.3170731707317
POR,18390,10.668132553922034,3.98161304863065,2.7338886415451062,-4.386129899380611,Portland Trail Blazers,1610612757,Portland Trail Blazers,82,33,49,0.402,48.1,40.5,85.4,0.474,12.9,35.3,0.365,19.6,24.6,0.796,9.4,31.1,40.5,24.2,14.5,6.7,4.6,4.3,20.0,20.5,113.4,-4.0,1,26,26,26,29,27,25,17,8,9,14,5,9,8,24,28,28,22,19,24,17,12,14,8,19,26,Portland Trail Blazers,82,33,49,0.402,3946.0,112.0,114.0,116.0,118.0,-4.0,-4.0,0.597,1.67,17.8,0.264,0.709,0.486,0.145,0.549,0.589,101.0,99.25,82.71,8157,0.474,1,26,26,26,29,18,28,26,18,27,19,24,25,26,21,14,10,17,26,89.02439024390245
SAC,16837,14.158337224355627,4.61984193866888,3.2729520333299287,1.8347792740642155,Sacramento Kings,1610612758,Sacramento Kings,82,48,34,0.585,48.4,43.6,88.2,0.494,13.8,37.3,0.369,19.8,25.1,0.79,9.5,32.9,42.5,27.3,13.5,7.0,3.4,4.2,19.7,20.9,120.7,2.6,1,7,7,7,12,4,16,2,5,6,9,3,7,12,23,15,20,3,9,20,29,9,11,4,1,8,Sacramento Kings,82,48,34,0.585,3966.0,117.0,118.6,114.1,116.0,2.9,2.6,0.626,2.02,19.3,0.265,0.731,0.499,0.133,0.572,0.608,102.5,100.99,84.16,8343,0.511,1,7,7,7,12,1,24,8,7,2,3,23,6,17,6,2,1,12,11,97.5609756097561
SAS,18013,11.117827231160469,4.073212018925652,2.7828145116674774,-4.897374217139124,San Antonio Spurs,1610612759,San Antonio Spurs,82,22,60,0.268,48.4,43.1,92.6,0.465,11.1,32.2,0.345,15.8,21.2,0.743,11.8,31.9,43.7,27.2,15.3,7.0,3.9,5.3,19.9,18.5,113.0,-10.0,1,28,28,28,8,6,1,25,22,20,26,30,29,28,7,23,12,5,26,22,26,25,12,29,23,30,San Antonio Spurs,82,22,60,0.268,3971.0,107.2,109.7,117.7,119.6,-10.5,-9.9,0.632,1.78,18.7,0.299,0.709,0.495,0.148,0.525,0.554,104.1,102.07,85.06,8451,0.452,1,28,28,28,8,29,30,30,6,18,8,7,24,21,24,26,28,2,29,100.0
TOR,15883,14.475010512513911,5.45647091604189,2.8714406423509327,1.0435704783979327,Toronto Raptors,1610612761,Toronto Raptors,82,41,41,0.5,48.3,41.9,91.3,0.459,10.7,32.0,0.335,18.4,23.4,0.784,12.7,30.3,43.0,23.9,11.7,9.4,5.2,4.6,20.0,19.6,112.9,1.5,1,17,17,17,18,19,5,27,28,21,28,17,18,17,2,30,18,23,1,1,9,15,13,22,24,12,Toronto Raptors,82,41,41,0.5,3961.0,112.2,114.6,111.4,113.1,0.8,1.5,0.571,2.05,17.2,0.316,0.721,0.502,0.118,0.517,0.555,99.6,97.85,81.54,8076,0.496,1,17,17,17,18,13,11,12,26,1,25,3,15,15,1,28,27,25,21,34.146341463414636
UTA,16927,11.743240737554968,4.560700860794606,2.9282740110224426,-0.5437284982849984,Utah Jazz,1610612762,Utah Jazz,82,37,45,0.451,48.3,42.5,89.8,0.473,13.3,37.8,0.353,18.7,23.8,0.786,11.8,34.1,45.9,26.0,15.4,6.1,5.2,4.9,20.5,20.5,117.1,-0.9,1,22,22,22,18,12,10,18,7,5,20,13,12,14,6,6,5,10,28,30,7,19,21,9,7,22,Utah Jazz,82,37,45,0.451,3961.0,112.7,115.3,113.8,116.0,-1.1,-0.7,0.611,1.69,18.2,0.308,0.711,0.512,0.151,0.547,0.584,103.1,101.02,84.18,8329,0.498,1,22,22,22,18,9,23,22,11,25,14,4,23,6,28,15,14,11,19,97.5609756097561
WAS,17851,11.828369064906138,4.219721661500182,2.6858682990625167,-0.8568623551007317,Washington Wizards,1610612764,Washington Wizards,82,35,47,0.427,48.2,42.1,86.9,0.485,11.3,31.7,0.356,17.6,22.4,0.785,9.4,34.2,43.6,25.4,14.1,6.8,5.2,5.0,18.8,19.4,113.2,-1.2,1,23,23,23,25,14,20,8,21,23,18,22,22,15,24,5,15,14,16,23,9,20,5,24,21,23,Washington Wizards,82,35,47,0.427,3951.0,111.5,113.7,113.3,114.9,-1.8,-1.2,0.603,1.8,18.5,0.273,0.724,0.505,0.142,0.55,0.585,100.8,99.16,82.63,8161,0.504,1,23,23,23,25,22,21,23,16,16,13,19,13,13,17,13,13,19,15,62.19512195121951
