TEAM_ABBREVIATION,MIN,PTS_x,REB_x,AST_x,PLUS_MINUS_x,Team_Full_Name,TEAM_ID,TEAM_NAME_base,GP_base,W_base,L_base,W_PCT_base,MIN_base,FGM,FGA,FG_PCT,FG3M,FG3A,FG3_PCT,FTM,FTA,FT_PCT,OREB,DREB,REB_y,AST_y,TOV,STL,BLK,BLKA,PF,PFD,PTS_y,PLUS_MINUS_y,GP_RANK_base,W_RANK_base,L_RANK_base,W_PCT_RANK_base,MIN_RANK_base,FGM_RANK,FGA_RANK,FG_PCT_RANK,FG3M_RANK,FG3A_RANK,FG3_PCT_RANK,FTM_RANK,FTA_RANK,FT_PCT_RANK,OREB_RANK,DREB_RANK,REB_RANK,AST_RANK,TOV_RANK,STL_RANK,BLK_RANK,BLKA_RANK,PF_RANK,PFD_RANK,PTS_RANK,PLUS_MINUS_RANK,TEAM_NAME_advanced,GP_advanced,W_advanced,L_advanced,W_PCT_advanced,MIN_advanced,E_OFF_RATING,OFF_RATING,E_DEF_RATING,DEF_RATING,E_NET_RATING,NET_RATING,AST_PCT,AST_TO,AST_RATIO,OREB_PCT,DREB_PCT,REB_PCT,TM_TOV_PCT,EFG_PCT,TS_PCT,E_PACE,PACE,PACE_PER40,POSS,PIE,GP_RANK_advanced,W_RANK_advanced,L_RANK_advanced,W_PCT_RANK_advanced,MIN_RANK_advanced,OFF_RATING_RANK,DEF_RATING_RANK,NET_RATING_RANK,AST_PCT_RANK,AST_TO_RANK,AST_RATIO_RANK,OREB_PCT_RANK,DREB_PCT_RANK,REB_PCT_RANK,TM_TOV_PCT_RANK,EFG_PCT_RANK,TS_PCT_RANK,PACE_RANK,PIE_RANK,Major_Injury_Percent
ATL,18254,13.579938007788598,5.107402537873299,3.0379995185401585,-0.8583568868565256,Atlanta Hawks,1610612737,Atlanta Hawks,82,36,46,0.439,48.4,43.0,92.5,0.465,13.7,37.7,0.364,18.5,23.2,0.797,12.5,32.2,44.7,26.6,13.5,7.5,4.5,5.6,18.6,19.4,118.3,-2.2,1,21,21,21,3,10,2,21,6,7,17,5,7,8,3,22,6,16,16,16,26,22,15,7,5,21,Atlanta Hawks,82,36,46,0.439,3971.0,114.0,116.4,116.7,118.4,-2.6,-2.0,0.618,1.96,18.4,0.308,0.717,0.504,0.133,0.539,0.576,102.6,100.84,84.03,8339,0.482,1,21,21,21,3,12,27,21,19,18,21,5,16,12,13,17,18,6,22,75.60975609756098
BKN,18566,10.746637727538356,4.573428178106117,2.9475610099346823,-1.4888401370085176,Brooklyn Nets,1610612751,Brooklyn Nets,82,32,50,0.39,48.3,40.7,89.1,0.456,13.3,36.7,0.362,15.8,20.9,0.756,11.4,32.6,44.1,25.6,13.1,6.8,5.2,5.0,18.5,18.2,110.4,-2.9,1,22,22,22,10,25,16,28,9,9,19,23,20,28,7,20,11,20,12,28,12,16,13,21,25,22,Brooklyn Nets,82,32,50,0.39,3961.0,110.4,112.4,113.1,115.4,-2.7,-2.9,0.63,1.95,18.6,0.289,0.715,0.497,0.134,0.531,0.561,99.4,97.56,81.3,8050,0.483,1,22,22,22,10,23,20,22,16,19,19,12,19,20,14,25,27,25,21,98.78048780487805
BOS,17619,14.458353630931315,5.300009510050192,3.177443061535657,6.415880913333589,Boston Celtics,1610612738,Boston Celtics,82,64,18,0.78,48.4,43.9,90.2,0.487,16.5,42.5,0.388,16.3,20.2,0.807,10.7,35.6,46.3,26.9,11.9,6.8,6.6,3.7,16.2,17.3,120.6,11.3,1,1,1,1,7,4,8,8,1,1,2,19,26,7,14,1,2,14,1,27,1,1,2,30,2,1,Boston Celtics,82,64,18,0.78,3966.0,120.2,122.2,109.0,110.6,11.2,11.7,0.613,2.25,19.3,0.287,0.726,0.515,0.121,0.578,0.609,99.5,97.98,81.65,8090,0.555,1,1,1,1,7,1,2,1,21,3,13,14,7,5,1,2,1,19,1,28.04878048780488
CHA,16455,12.508899635434041,4.451121894485229,3.3701195446696484,-5.398154576615906,Charlotte Hornets,1610612766,Charlotte Hornets,82,21,61,0.256,48.1,40.0,87.0,0.46,12.1,34.0,0.355,14.5,18.4,0.786,9.3,31.0,40.3,24.8,13.8,6.9,4.5,4.8,18.0,17.5,106.6,-10.2,1,27,27,27,23,27,25,26,23,17,21,30,30,11,27,29,30,26,18,25,25,13,7,29,28,30,Charlotte Hornets,82,21,61,0.256,3946.0,107.1,108.6,117.0,119.2,-9.9,-10.6,0.62,1.8,18.4,0.253,0.709,0.475,0.14,0.529,0.56,99.4,97.82,81.52,8048,0.447,1,27,27,27,23,28,29,30,18,25,22,27,22,29,21,26,28,22,29,91.46341463414635
CHI,17420,13.915690971579531,5.558336690769904,2.8034018560948994,-0.9591454383597122,Chicago Bulls,1610612741,Chicago Bulls,82,39,43,0.476,48.7,42.0,89.5,0.47,11.5,32.1,0.358,16.7,21.1,0.791,11.2,32.6,43.8,25.0,12.2,7.8,4.8,4.9,18.8,18.8,112.3,-1.4,1,20,20,20,1,16,13,18,27,26,20,17,18,10,8,19,14,23,3,9,18,14,17,14,22,20,Chicago Bulls,82,39,43,0.476,3996.0,112.4,114.0,113.2,115.7,-0.8,-1.7,0.594,2.04,18.2,0.291,0.717,0.501,0.124,0.534,0.568,98.6,96.94,80.78,8078,0.493,1,20,20,20,1,19,22,20,28,13,24,11,17,14,3,22,21,28,20,91.46341463414635
CLE,18099,12.805424484115052,4.6417814919435045,3.1059142845731342,1.5356263983478216,Cleveland Cavaliers,1610612739,Cleveland Cavaliers,82,48,34,0.585,48.3,41.8,87.2,0.479,13.5,36.8,0.367,15.6,20.4,0.765,9.9,33.4,43.3,28.0,13.6,7.4,4.6,5.0,17.5,18.7,112.6,2.4,1,11,11,11,10,19,24,12,7,8,15,26,24,22,22,11,17,8,17,19,21,17,5,16,20,13,Cleveland Cavaliers,82,48,34,0.585,3961.0,112.8,114.7,109.9,112.1,2.9,2.5,0.671,2.07,20.2,0.274,0.721,0.501,0.138,0.557,0.586,99.5,97.62,81.35,8053,0.519,1,11,11,11,10,16,7,12,3,8,4,22,14,15,19,13,13,24,8,51.21951219512195
DAL,16109,12.980075254263163,4.871107582709467,2.7578102154364794,2.1999572733816346,Dallas Mavericks,1610612742,Dallas Mavericks,82,50,32,0.61,48.1,43.1,89.7,0.481,14.6,39.5,0.369,17.0,22.5,0.758,9.7,33.2,42.9,25.7,12.5,6.9,5.0,4.0,18.3,20.3,117.9,2.2,1,6,6,6,26,9,12,11,3,2,13,15,11,27,23,14,21,19,4,24,17,2,10,2,7,14,Dallas Mavericks,82,50,32,0.61,3941.0,115.2,117.0,112.6,114.9,2.6,2.1,0.596,2.05,18.5,0.257,0.711,0.485,0.124,0.562,0.592,102.4,100.6,83.83,8263,0.506,1,6,6,6,26,8,18,15,26,10,20,25,21,26,4,7,9,7,16,97.5609756097561
DEN,16830,14.050106991910464,5.142291835981403,3.6716707916363998,4.122394176931264,Denver Nuggets,1610612743,Denver Nuggets,82,57,25,0.695,48.1,44.0,88.8,0.496,11.7,31.2,0.374,15.1,19.9,0.762,10.7,33.7,44.4,29.5,12.6,7.1,5.6,4.8,18.2,17.9,114.9,5.3,1,2,2,2,26,3,17,4,25,30,10,29,29,25,13,9,7,3,5,21,10,12,9,26,14,4,Denver Nuggets,82,57,25,0.695,3941.0,115.6,117.8,110.5,112.3,5.0,5.5,0.669,2.33,20.9,0.3,0.718,0.515,0.13,0.562,0.589,99.1,97.43,81.19,7996,0.533,1,2,2,2,26,5,8,4,5,2,2,6,15,6,9,8,11,26,4,81.70731707317073
DET,18278,10.189432346744256,4.0549698335662185,2.2021574613377615,-4.701928175147488,Detroit Pistons,1610612765,Detroit Pistons,82,14,68,0.171,48.2,40.9,88.2,0.463,11.0,31.7,0.348,17.0,21.7,0.785,10.5,32.8,43.3,25.5,15.2,6.5,4.7,6.0,20.6,17.8,109.9,-9.1,1,30,30,30,21,24,20,24,29,27,26,14,15,12,15,18,16,22,28,30,20,25,28,28,27,28,Detroit Pistons,82,14,68,0.171,3951.0,107.2,109.0,116.0,118.0,-8.8,-9.0,0.623,1.67,18.2,0.277,0.73,0.499,0.151,0.526,0.562,102.2,100.45,83.71,8269,0.449,1,30,30,30,21,27,25,29,17,28,23,20,5,17,27,28,26,9,28,100.0
GSW,18841,11.22025704130865,4.549929241656401,2.916269578947421,1.3450967337002997,Golden State Warriors,1610612744,Golden State Warriors,82,46,36,0.561,48.4,43.7,91.6,0.477,14.8,38.9,0.38,15.6,20.0,0.78,12.1,34.6,46.7,29.3,14.3,7.0,4.6,5.0,19.5,17.9,117.8,2.6,1,16,16,16,7,5,3,13,2,4,7,24,27,17,5,4,1,4,23,23,23,15,22,24,8,12,Golden State Warriors,82,46,36,0.561,3966.0,114.7,116.9,112.4,114.5,2.3,2.4,0.671,2.05,20.1,0.315,0.725,0.521,0.142,0.557,0.586,101.8,99.91,83.26,8261,0.512,1,16,16,16,7,9,15,13,4,11,5,4,10,2,22,12,12,11,13,20.73170731707317
HOU,18338,12.130557925363274,4.9189765826450715,2.549990304876475,0.6966302060558953,Houston Rockets,1610612745,Houston Rockets,82,41,41,0.5,48.4,41.8,91.0,0.459,12.7,36.1,0.352,18.1,23.4,0.773,11.5,34.0,45.5,24.8,12.7,7.8,4.6,5.9,20.8,19.6,114.3,1.1,1,19,19,19,3,19,5,27,14,12,23,9,5,20,6,6,3,25,8,8,24,24,29,6,16,18,Houston Rockets,82,41,41,0.5,3971.0,111.5,113.7,110.7,112.8,0.9,0.9,0.594,1.95,17.7,0.294,0.722,0.504,0.127,0.529,0.565,101.5,99.59,82.99,8248,0.501,1,19,19,19,3,20,10,18,27,20,29,8,12,11,7,27,24,13,18,26.82926829268293
IND,17215,13.523576975874237,4.4076866065058775,3.393569591157858,1.6617777254630026,Indiana Pacers,1610612754,Indiana Pacers,82,47,35,0.573,48.1,47.0,92.7,0.507,13.2,35.3,0.374,16.1,20.5,0.782,10.1,31.4,41.5,30.8,12.9,7.7,5.9,5.4,21.4,18.3,123.3,3.0,1,12,12,12,26,1,1,1,11,15,9,21,22,13,20,28,28,1,9,11,8,21,30,20,1,9,Indiana Pacers,82,47,35,0.573,3941.0,117.9,120.5,115.5,117.6,2.5,2.9,0.654,2.38,21.0,0.284,0.7,0.492,0.126,0.578,0.606,104.2,102.16,85.13,8389,0.517,1,12,12,12,26,2,24,10,6,1,1,16,26,24,6,1,3,2,10,26.82926829268293
LAL,17583,12.196713068944893,4.455325351964333,3.081958539393675,1.2744873911042818,Los Angeles Lakers,1610612747,Los Angeles Lakers,82,47,35,0.573,48.4,43.7,87.5,0.499,11.8,31.4,0.377,18.9,24.2,0.782,8.2,34.9,43.1,28.5,14.0,7.4,5.5,4.8,15.6,19.7,118.0,0.6,1,12,12,12,3,6,22,2,24,28,8,2,2,15,30,2,18,5,19,19,11,11,1,4,6,19,Los Angeles Lakers,82,47,35,0.573,3971.0,113.6,115.4,112.7,114.8,0.9,0.6,0.654,2.04,20.1,0.244,0.725,0.496,0.137,0.566,0.601,103.1,101.38,84.48,8387,0.518,1,12,12,12,3,15,17,19,8,12,6,29,11,21,17,5,5,4,9,7.317073170731707
MEM,19571,9.226153873604614,4.1720860145399055,2.441305630132892,-3.5548605472623445,Memphis Grizzlies,1610612763,Memphis Grizzlies,82,27,55,0.329,48.2,38.4,88.2,0.435,13.1,37.8,0.346,16.0,21.0,0.764,10.9,31.7,42.6,24.7,15.1,8.2,6.1,6.5,19.1,18.8,105.8,-7.0,1,24,24,24,17,30,21,30,12,6,29,22,19,23,10,27,24,27,26,4,4,30,20,13,30,26,Memphis Grizzlies,82,27,55,0.329,3956.0,104.2,106.8,111.7,113.7,-7.5,-6.9,0.644,1.64,17.9,0.287,0.706,0.488,0.152,0.509,0.543,100.7,98.68,82.23,8128,0.458,1,24,24,24,17,30,12,26,13,29,27,13,23,25,28,29,29,17,26,98.78048780487805
MIA,18443,11.710586508525934,4.1984521670027055,2.9546860580531735,1.3678577159605998,Miami Heat,1610612748,Miami Heat,82,46,36,0.561,48.2,39.8,85.6,0.465,12.5,33.7,0.37,18.0,22.0,0.818,9.3,33.0,42.3,25.8,12.7,7.5,3.4,4.7,17.3,18.9,110.1,1.8,1,16,16,16,21,28,28,22,19,18,12,10,13,5,26,16,26,18,6,15,30,10,4,11,26,16,Miami Heat,82,46,36,0.561,3951.0,111.7,113.3,109.5,111.5,2.2,1.8,0.648,2.04,19.1,0.261,0.734,0.498,0.13,0.538,0.578,98.5,96.88,80.73,7975,0.509,1,16,16,16,21,21,5,17,11,14,15,24,3,18,10,20,16,29,15,91.46341463414635
MIL,16773,13.920367614374443,5.200833178830141,3.231702762125806,1.7908592612017327,Milwaukee Bucks,1610612749,Milwaukee Bucks,82,49,33,0.598,48.3,43.1,88.5,0.487,14.2,38.1,0.373,18.5,23.9,0.774,9.4,34.8,44.2,26.5,12.9,6.8,5.0,4.2,19.2,19.2,119.0,2.6,1,8,8,8,10,8,19,7,5,5,11,7,3,19,24,3,9,17,9,26,15,3,21,9,4,11,Milwaukee Bucks,82,49,33,0.598,3961.0,116.0,117.6,112.8,115.0,3.2,2.6,0.615,2.05,19.0,0.255,0.731,0.499,0.128,0.568,0.601,102.2,100.51,83.76,8295,0.511,1,8,8,8,10,6,19,11,20,9,16,26,4,16,8,4,6,8,14,51.21951219512195
MIN,17758,12.947459052733507,5.003471648909178,3.008147409263465,3.7843443071609406,Minnesota Timberwolves,1610612750,Minnesota Timberwolves,82,56,26,0.683,48.3,41.3,85.0,0.485,12.6,32.7,0.387,17.8,22.9,0.777,9.4,34.2,43.6,26.6,14.2,7.9,6.1,4.5,18.8,19.9,113.0,6.5,1,4,4,4,10,23,29,10,15,23,3,11,8,18,25,5,15,15,22,6,5,5,18,3,18,3,Minnesota Timberwolves,82,56,26,0.683,3961.0,113.1,114.6,106.2,108.4,6.9,6.3,0.646,1.88,19.3,0.275,0.725,0.508,0.144,0.559,0.594,99.5,97.79,81.49,8081,0.543,1,4,4,4,10,17,1,3,12,22,14,21,9,8,23,10,8,23,2,84.14634146341463
NOP,18438,12.29369112908991,4.501128801868987,2.894519425100668,2.4760662159318567,New Orleans Pelicans,1610612740,New Orleans Pelicans,82,49,33,0.598,48.1,42.5,87.4,0.486,12.5,32.6,0.383,17.6,22.8,0.771,10.4,33.6,44.0,27.0,13.0,8.3,4.6,5.2,18.4,18.4,115.1,4.4,1,8,8,8,26,12,23,9,18,24,4,13,9,21,17,10,13,13,11,3,22,19,11,18,13,6,New Orleans Pelicans,82,49,33,0.598,3941.0,115.0,116.5,110.1,111.9,5.0,4.6,0.634,2.07,19.4,0.278,0.725,0.505,0.132,0.558,0.591,100.2,98.7,82.25,8101,0.524,1,8,8,8,26,11,6,6,15,7,10,19,8,10,12,11,10,16,6,40.243902439024396
NYK,18360,13.222723107060933,5.03820527386742,2.521585546054109,2.9951842083619358,New York Knicks,1610612752,New York Knicks,82,50,32,0.61,48.1,41.3,88.7,0.465,13.2,35.8,0.369,17.0,21.8,0.78,12.7,32.5,45.2,24.4,13.2,7.5,4.1,5.3,17.6,19.1,112.8,4.6,1,6,6,6,23,22,18,20,10,13,14,16,14,16,1,21,5,29,15,17,29,20,6,10,19,5,New York Knicks,82,50,32,0.61,3946.0,114.1,117.3,111.2,112.4,2.9,4.9,0.59,1.84,17.8,0.333,0.729,0.527,0.138,0.54,0.574,97.8,95.96,79.97,7883,0.515,1,6,6,6,23,7,9,5,29,23,28,1,6,1,18,16,20,30,11,73.17073170731707
OKC,16260,12.905490737516597,4.095763779024892,2.764467725112312,3.8812131623054507,Oklahoma City Thunder,1610612760,Oklahoma City Thunder,82,57,25,0.695,48.3,44.5,89.3,0.499,13.3,34.2,0.389,17.7,21.5,0.825,8.8,33.2,42.0,27.1,12.7,8.5,6.6,5.1,18.8,18.9,120.1,7.4,1,2,2,2,10,2,15,3,8,16,1,12,17,4,29,12,27,11,7,1,1,18,19,12,3,2,Oklahoma City Thunder,82,57,25,0.695,3961.0,117.0,118.3,109.1,111.0,7.9,7.3,0.609,2.14,19.4,0.25,0.698,0.484,0.125,0.573,0.608,102.3,100.85,84.04,8324,0.538,1,2,2,2,10,3,4,2,23,5,12,28,27,28,5,3,2,5,3,97.5609756097561
ORL,18208,10.303767585714825,4.03892969209298,2.349597985767926,1.2006912876733453,Orlando Magic,1610612753,Orlando Magic,82,47,35,0.573,48.2,40.5,84.9,0.476,11.0,31.3,0.352,18.5,24.4,0.759,10.5,31.8,42.3,24.7,14.7,8.2,5.2,4.6,19.7,20.9,110.5,2.0,1,12,12,12,17,26,30,15,30,29,24,6,1,26,15,25,25,28,24,5,13,7,23,1,24,15,Orlando Magic,82,47,35,0.573,3956.0,110.6,112.9,108.6,110.8,2.0,2.2,0.61,1.68,18.1,0.297,0.737,0.515,0.15,0.541,0.577,99.4,97.37,81.14,8022,0.513,1,12,12,12,17,22,3,14,22,27,25,7,2,4,26,15,17,27,12,71.95121951219512
PHI,16576,11.860454360877258,4.428277299438365,2.716475324126871,2.4114286443606283,Philadelphia 76ers,1610612755,Philadelphia 76ers,82,47,35,0.573,48.2,41.5,89.4,0.464,12.1,33.3,0.363,19.5,23.6,0.826,11.0,31.9,43.0,24.9,12.0,8.5,6.0,6.1,20.3,18.5,114.6,3.0,1,12,12,12,17,21,14,23,22,19,18,1,4,2,9,23,20,24,2,1,6,27,27,17,15,9,Philadelphia 76ers,82,47,35,0.573,3956.0,113.8,116.2,111.0,113.0,2.8,3.1,0.6,2.07,18.0,0.292,0.701,0.493,0.122,0.532,0.574,100.1,98.17,81.81,8090,0.506,1,12,12,12,17,14,11,9,25,6,26,10,25,22,2,24,19,18,17,62.19512195121951
PHX,16970,13.00630144044479,4.689712272014451,3.152428197189807,2.368366821390538,Phoenix Suns,1610612756,Phoenix Suns,82,49,33,0.598,48.2,42.5,86.1,0.493,12.4,32.6,0.382,18.9,23.4,0.808,10.1,33.9,44.1,27.0,14.9,7.4,6.0,4.5,18.0,19.7,116.2,3.1,1,8,8,8,17,13,27,5,20,25,5,3,6,6,19,7,10,12,25,18,6,6,8,5,10,8,Phoenix Suns,82,49,33,0.598,3956.0,114.9,116.8,111.5,113.7,3.4,3.1,0.637,1.82,19.4,0.292,0.714,0.514,0.15,0.565,0.603,100.8,99.0,82.5,8158,0.527,1,8,8,8,17,10,13,8,14,24,11,9,20,7,25,6,4,15,5,58.536585365853654
POR,18936,11.30987967583575,4.318165023795313,2.635281383279777,-4.665355079061442,Portland Trail Blazers,1610612757,Portland Trail Blazers,82,21,61,0.256,48.5,39.4,89.7,0.439,11.5,33.2,0.345,16.2,20.5,0.791,12.6,30.1,42.7,23.1,15.2,7.6,4.3,6.4,20.2,17.9,106.4,-9.0,1,27,27,27,2,29,10,29,28,20,30,20,23,9,2,30,22,30,29,12,27,28,26,26,29,27,Portland Trail Blazers,82,21,61,0.256,3976.0,105.0,107.6,114.5,116.6,-9.5,-9.0,0.587,1.52,16.7,0.32,0.697,0.498,0.154,0.503,0.539,100.0,97.88,81.56,8103,0.434,1,27,27,27,2,29,23,28,30,30,30,3,28,19,29,30,30,21,30,86.58536585365853
SAC,17230,12.99866255396412,4.568291552055367,3.2294405389816725,1.1327556147873143,Sacramento Kings,1610612758,Sacramento Kings,82,46,36,0.561,48.4,43.3,90.9,0.477,14.4,39.3,0.366,15.5,20.9,0.745,10.8,33.2,44.0,28.3,13.1,7.6,4.2,4.5,19.9,18.3,116.6,1.7,1,16,16,16,3,7,6,14,4,3,16,27,21,30,12,15,12,7,13,13,28,4,24,19,9,17,Sacramento Kings,82,46,36,0.561,3971.0,113.8,116.2,112.9,114.4,0.9,1.8,0.654,2.16,19.9,0.285,0.744,0.507,0.131,0.556,0.582,101.1,99.47,82.89,8227,0.5,1,16,16,16,3,13,14,16,7,4,8,15,1,9,11,14,14,14,19,57.3170731707317
SAS,17280,11.829962343598108,4.378439963120666,2.950682267787181,-3.712422025755785,San Antonio Spurs,1610612759,San Antonio Spurs,82,22,60,0.268,48.4,41.9,90.7,0.462,12.6,36.4,0.347,15.6,20.0,0.782,10.4,33.9,44.2,29.9,15.1,7.1,6.3,4.6,17.2,17.9,112.1,-6.5,1,26,26,26,7,18,7,25,16,11,28,25,28,14,18,8,8,2,27,22,3,8,3,25,23,25,San Antonio Spurs,82,22,60,0.268,3966.0,107.5,109.3,113.8,115.6,-6.3,-6.4,0.712,1.97,20.5,0.269,0.721,0.492,0.148,0.532,0.563,103.5,101.8,84.84,8413,0.48,1,26,26,26,7,26,21,25,1,17,3,23,13,23,24,23,25,3,23,37.80487804878049
TOR,17589,11.030225474568242,4.3140535717228605,2.9170515455595747,-3.9072529792575352,Toronto Raptors,1610612761,Toronto Raptors,82,25,57,0.305,48.3,42.3,89.7,0.471,11.5,33.1,0.347,16.3,21.6,0.756,10.9,31.8,42.7,28.5,14.0,7.7,4.7,5.8,18.4,18.1,112.4,-6.4,1,25,25,25,10,15,10,16,26,22,27,18,16,29,11,26,23,6,20,10,19,23,12,22,21,24,Toronto Raptors,82,25,57,0.305,3961.0,109.8,111.8,115.8,118.1,-6.0,-6.3,0.674,2.04,19.9,0.281,0.694,0.484,0.139,0.535,0.566,101.8,99.91,83.26,8241,0.474,1,25,25,25,10,24,26,24,2,15,7,18,29,27,20,21,23,12,25,87.8048780487805
UTA,18472,11.058739930412726,4.2758836009272585,2.610991543689154,-2.3371857592468803,Utah Jazz,1610612762,Utah Jazz,82,31,51,0.378,48.3,42.0,89.9,0.467,12.9,36.5,0.354,18.8,22.6,0.83,12.2,33.2,45.5,27.2,15.7,6.5,5.6,6.4,18.6,19.2,115.7,-4.9,1,23,23,23,10,17,9,19,13,10,22,4,10,1,4,12,3,10,30,29,9,28,16,8,11,23,Utah Jazz,82,31,51,0.378,3961.0,112.0,114.5,117.7,119.6,-5.8,-5.1,0.648,1.74,18.9,0.325,0.717,0.521,0.155,0.539,0.579,102.2,100.26,83.55,8281,0.478,1,23,23,23,10,18,30,23,10,26,17,2,18,3,30,18,15,10,24,65.85365853658537
WAS,15800,11.73761411258534,4.736582954733531,2.5427226881766525,-4.4372852330013455,Washington Wizards,1610612764,Washington Wizards,82,15,67,0.183,48.1,43.0,91.4,0.47,12.4,35.5,0.348,15.4,20.2,0.764,9.2,31.9,41.1,27.9,14.0,7.6,5.1,6.0,20.0,18.0,113.7,-9.3,1,29,29,29,23,11,4,17,21,14,25,28,25,24,28,24,29,9,20,14,14,26,25,23,17,29,Washington Wizards,82,15,67,0.183,3946.0,108.3,110.2,116.8,118.9,-8.5,-8.7,0.65,2.0,19.5,0.24,0.683,0.459,0.136,0.538,0.567,104.9,103.07,85.89,8461,0.454,1,29,29,29,23,25,28,27,9,16,9,30,30,30,16,19,22,1,27,56.09756097560976
